0.032458
0.035149
0.036626
0.030422
0.030525
0.031339
0.024730
0.025991
0.027082
0.028318
0.028160
0.029973
0.027605
0.025906
0.022836
0.024588
0.028883
0.025917
0.024833
0.023456
0.026365
0.027350
0.028119
0.028494
0.021190
0.025381
0.030011
0.015394
0.020029
0.025771
0.017868
0.027915
0.024961
0.030045
0.030608
0.029752
0.027452
0.033232
0.032439
0.027271
0.030239
0.031323
0.035403
0.030836
0.031715
0.033427
0.032718
0.032043
0.033913
0.034112
0.036042
0.036108
0.031446
0.028515
0.033861
0.036382
0.032995
0.037196
0.025313
0.031681
0.036601
0.032478
0.033732
0.030356
0.037478
0.027665
0.035031
0.032743
0.027924
0.038068
0.040294
0.034504
0.031972
0.032863
0.036620
0.030455
0.028027
0.032668
0.032961
0.034461
0.033777
0.034219
0.039234
0.039360
0.035053
0.034233
0.041416
0.041643
0.035389
0.036958
0.041450
0.039855
0.034424
0.035143
0.040729
0.040930
0.037463
0.040035
0.040196
0.040578
0.041841
0.039939
0.039107
0.036928
0.042187
0.042453
0.042816
0.039912
0.041483
0.041557
0.043084
0.034597
0.033458
0.039431
0.035874
0.041753
0.042107
0.038084
0.039113
0.039684
0.041122
0.039337
0.039490
0.041994
0.043274
0.041146
0.040542
0.041472
0.042175
0.040834
0.039116
0.042478
0.041221
0.042322
0.040211
0.041456
0.042408
0.040298
0.040349
0.038909
0.039508
0.040455
0.041115
0.037520
0.034796
0.038304
0.040435
0.038523
0.039441
0.036966
