0.040686
0.043719
0.040528
0.038093
0.026157
0.028598
0.030938
0.024802
0.019652
0.024848
0.024125
0.024278
0.020538
0.021930
0.018833
0.020509
0.020243
0.021085
0.021439
0.026640
0.025566
0.026749
0.015143
0.026708
0.027647
0.020257
0.024616
0.021701
0.016377
0.025443
0.023024
0.027393
0.024055
0.027564
0.026845
0.027510
0.028705
0.032788
0.029814
0.025998
0.034040
0.027291
0.032469
0.033252
0.029019
0.034746
0.030039
0.029230
0.034343
0.035146
0.026477
0.032506
0.032424
0.028392
0.036971
0.035841
0.036010
0.032738
0.036667
0.035580
0.037867
0.037246
0.035786
0.036002
0.033520
0.035435
0.038644
0.037183
0.036530
0.027118
0.026977
0.030811
0.028687
0.036451
0.038900
0.035099
0.034212
0.038301
0.040329
0.040228
0.040397
0.037683
0.040132
0.040749
0.039899
0.038098
0.038686
0.039119
0.035496
0.038337
0.037385
0.033302
0.036291
0.035253
0.037173
0.037228
0.038597
0.039585
0.040014
0.036834
0.039289
0.038907
0.039863
0.036528
0.036515
0.037997
0.036752
0.037631
0.037332
0.035457
0.033470
0.036192
0.033678
0.034650
0.035487
0.034724
0.036537
0.037879
0.034215
0.031759
0.034065
0.037759
0.037375
0.035615
0.037115
0.037309
0.033833
0.035201
0.035032
0.037816
0.035191
0.032360
0.036462
0.037267
0.034358
0.030037
0.031808
0.031155
0.033603
0.031359
0.035625
0.035069
0.032048
0.033308
0.038838
0.037435
0.035074
0.035686
0.037723
0.038670
