0.036056
0.038378
0.028141
0.032712
0.027914
0.031476
0.024832
0.024118
0.023058
0.028317
0.022788
0.023212
0.020778
0.019878
0.020293
0.022927
0.025237
0.018799
0.023811
0.024246
0.019708
0.021498
0.020202
0.023648
0.022766
0.029887
0.030137
0.022013
0.025565
0.026425
0.028651
0.024961
0.022526
0.026276
0.027297
0.027552
0.026373
0.025201
0.028665
0.031332
0.024411
0.029056
0.031359
0.030192
0.027214
0.030277
0.033159
0.028933
0.031098
0.027423
0.030470
0.033178
0.032636
0.028450
0.026748
0.024629
0.031502
0.033623
0.026958
0.021447
0.031270
0.025960
0.032320
0.033098
0.033233
0.026380
0.025170
0.023701
0.030222
0.035920
0.033254
0.034553
0.024955
0.030672
0.035289
0.035397
0.037517
0.035843
0.035469
0.028653
0.031834
0.036849
0.034898
0.030663
0.031312
0.032919
0.036799
0.034280
0.032495
0.037029
0.039511
0.036987
0.033869
0.033745
0.034974
0.038031
0.032563
0.038178
0.034342
0.038364
0.035317
0.031922
0.035705
0.035407
0.038191
0.036658
0.039073
0.037633
0.039209
0.036483
0.039397
0.039589
0.041320
0.041686
0.040255
0.035189
0.035812
0.039507
0.041804
0.037794
0.038552
0.039517
0.037563
0.037923
0.033229
0.039739
0.038508
0.032203
0.042479
0.041100
0.040054
0.039192
0.035393
0.037146
0.037852
0.039733
0.032663
0.036558
0.056014
0.036559
0.034728
0.038706
0.041227
0.041843
0.036924
0.042468
0.043040
0.043955
0.037883
0.037850
