-387.276564
-336.961850
-218.550844
-210.077965
-63.490742
-44.160578
-131.652097
-117.796272
-8.615548
-118.326807
-9.516759
-8.050229
-9.953274
-8.053588
-7.658068
-7.526088
-8.118147
-7.623460
-7.617090
-6.279576
-6.910710
-58.490094
-9.091834
-6.397731
-6.722708
-7.986736
-7.714285
-7.693495
-8.179586
-6.477800
-9.915666
-6.095877
-6.959769
-6.326099
-6.328558
-6.071603
-6.015502
-6.011728
-8.572958
-7.001804
-5.625572
-106.147267
-5.851872
-5.890488
-7.271863
-5.696154
-5.710748
-8.499919
-5.450553
-5.579888
-7.666340
-5.562972
-5.609561
-7.019987
-5.578128
-5.531379
-6.465246
-5.862377
-5.296088
-5.812032
-5.260829
-5.543050
-5.502995
-5.423134
-5.531421
-5.320137
-5.245398
-5.326890
-5.399295
-9.838831
-7.453864
-6.041689
-6.503728
-5.401158
-5.201707
-5.408229
-5.770171
-5.086776
-5.242189
-5.307424
-5.109822
-7.573706
-4.969597
-4.848414
-5.860931
-5.129556
-5.048879
-5.044483
-5.045684
-76.370555
-5.004127
-8.321244
-137.899297
-6.005450
-36.211171
-4.974389
-5.018435
-4.894529
-4.959657
-4.739592
-4.803960
-4.789464
-4.606676
-5.072723
-4.755364
-6.357205
-4.813104
-4.971163
-4.917396
-5.315911
-5.211782
-4.773635
-5.016493
-5.046677
-4.737884
-5.121057
-4.890937
-4.906207
-4.874007
-5.644615
-4.645684
-4.604452
-4.703489
-4.649192
-4.791842
-4.662896
-5.272324
-4.596714
-4.665818
-4.794102
-4.689705
-9.722186
-4.697230
-4.809295
-7.078715
-7.757286
-5.138420
-5.152389
-4.928701
-5.294908
-4.661284
-4.670282
-5.436364
-4.941678
-4.751085
-4.748958
-4.786616
-4.598097
-4.723312
-4.834095
