-611.782482
-422.113988
-281.205077
-286.356481
-502.688068
-336.453572
-135.844856
-275.996739
-203.457491
-146.307447
-103.978638
-97.080527
-87.417169
-17.747130
-57.337134
-4.261697
-103.414406
-89.518446
-3.961982
-75.048541
-4.273662
-4.116182
-4.235177
-7.908878
-4.428719
-4.554455
-4.237874
-187.873579
-7.373506
-3.824272
-3.743020
-6.389090
-5.097222
-3.702919
-5.548566
-3.709977
-3.947781
-6.362026
-47.002084
-3.717202
-4.628572
-7.809319
-3.773104
-3.560488
-104.278276
-3.589694
-3.776723
-3.766952
-74.706957
-4.225579
-5.018870
-3.373623
-3.476056
-88.554614
-114.611358
-5.033170
-3.364997
-3.432647
-4.559135
-6.590519
-3.386272
-87.999616
-3.402403
-3.477944
-3.370236
-4.671065
-4.480849
-4.751672
-3.419394
-3.335932
-3.353996
-3.417702
-4.858257
-3.727677
-3.440000
-3.424078
-3.230453
-3.417023
-114.162179
-4.359934
-3.962207
-3.439690
-4.196818
-4.218336
-94.418955
-3.847174
-3.603771
-114.115733
-4.106933
-3.440423
-3.485504
-3.350445
-3.553921
-62.193185
-86.363462
-3.149390
-202.531532
-69.784819
-79.895622
-3.143441
-62.012544
-103.171266
-69.590122
-3.446284
-3.089986
-3.989044
-3.110039
-3.273782
-3.158937
-127.853619
-3.176064
-3.142682
-3.138838
-3.182458
-3.084783
-65.847589
-79.614054
-65.414220
-3.119698
-178.950606
-3.479446
-3.794862
-157.078270
-93.622471
-3.497484
-2.978948
-85.986764
-114.844875
-3.979804
-79.802659
-3.006645
-3.119865
-80.079824
-3.526359
-169.282196
-3.107524
-3.691165
-87.482376
-7.022153
-136.191828
-93.921093
-3.498993
-102.801469
-3.341220
-156.316331
-3.180994
-3.246868
-3.178095
-3.187510
-74.858138
