-221.976898
-445.620739
-287.762667
-200.789862
-199.182719
-188.330213
-6.517029
-205.805003
-60.745722
-116.684079
-43.235249
-6.254861
-6.396759
-7.223077
-8.305845
-6.585627
-6.867313
-6.273034
-5.698667
-5.724241
-7.551039
-5.387438
-5.453880
-5.875184
-109.020521
-7.763558
-5.427277
-10.712938
-99.358243
-6.421858
-7.595892
-5.466245
-6.851422
-5.236725
-5.131230
-5.568476
-88.429497
-71.217410
-76.216041
-5.585129
-5.104575
-67.266232
-105.325510
-76.175942
-5.014234
-5.164363
-5.415720
-6.365547
-75.961372
-5.005430
-4.739835
-4.869083
-104.958928
-96.388067
-38.983411
-4.900562
-5.269878
-4.646669
-6.842841
-5.385329
-36.895045
-235.468231
-4.978730
-96.215896
-29.524468
-82.552294
-5.121637
-50.131774
-6.298554
-4.708133
-4.559714
-46.030412
-6.836379
-5.007977
-37.733946
-5.361971
-5.500498
-4.575863
-4.701865
-4.487942
-4.766385
-4.512137
-4.331955
-4.200604
-5.361571
-5.842339
-4.367783
-4.141446
-87.566815
-4.578183
-4.162728
-4.168331
-4.974510
-4.557599
-4.215428
-4.118823
-4.522643
-4.286253
-4.239951
-4.028145
-4.194024
-36.372288
-4.280593
-81.960555
-4.147117
-4.255423
-4.294694
-4.384648
-6.532108
-4.472610
-4.348678
-5.053814
-5.585427
-4.128906
-4.884719
-4.115209
-4.220469
-4.997633
-48.124338
-4.245900
-4.124110
-4.459022
-4.180073
-4.061404
-4.109259
-4.074248
-29.207617
-4.165780
-4.215801
-4.211776
-53.946741
-4.257255
-4.319376
-66.672405
-51.557128
-4.257900
-3.954508
-87.002593
-4.076604
-27.374325
-81.113936
-27.441552
-4.057801
-140.185652
-4.775207
-4.249230
-4.211140
-35.306471
-158.418653
-47.448169
