0.000000
0.035714
0.000000
0.166667
0.000000
0.000000
0.083333
0.000000
0.000000
0.428571
0.300000
0.083333
0.416667
0.000000
0.000000
0.636364
0.850000
0.071429
0.583333
0.714286
0.300000
0.500000
0.500000
0.111111
0.222222
0.000000
0.000000
0.090909
0.111111
0.875000
0.800000
0.500000
0.000000
0.950000
0.500000
1.000000
0.454545
0.333333
0.913043
0.454545
0.333333
0.000000
0.000000
0.583333
0.100000
0.111111
0.111111
0.363636
0.500000
0.111111
0.222222
0.300000
0.823529
0.416667
0.000000
0.111111
0.714286
0.400000
0.000000
0.222222
0.363636
0.416667
0.300000
0.583333
0.888889
0.111111
0.000000
0.111111
0.111111
0.636364
0.875000
0.111111
0.000000
0.000000
0.111111
0.000000
0.200000
0.363636
0.000000
0.000000
0.333333
0.000000
0.111111
0.111111
0.272727
0.222222
0.111111
0.000000
0.111111
0.000000
0.200000
0.500000
0.692308
0.823529
0.333333
0.545455
0.600000
0.733333
0.538462
0.454545
0.823529
0.800000
0.733333
0.900000
0.750000
0.692308
0.875000
0.941176
1.000000
0.625000
0.928571
0.642857
0.615385
0.812500
0.615385
0.750000
0.615385
0.625000
0.937500
0.705882
0.954545
0.692308
0.384615
0.363636
0.642857
0.416667
0.416667
0.000000
0.222222
0.615385
0.363636
0.583333
0.461538
0.666667
0.333333
0.454545
0.888889
0.416667
0.111111
0.466667
0.272727
0.923077
0.700000
0.800000
0.307692
0.842105
0.823529
0.812500
0.500000
0.571429
