0.000000
0.000000
0.062500
0.083333
0.083333
0.000000
0.000000
0.000000
0.000000
0.000000
0.000000
0.000000
0.000000
0.000000
0.000000
0.000000
0.000000
0.111111
0.222222
0.785714
0.785714
1.000000
0.947368
0.925926
0.100000
0.461538
0.777778
0.000000
0.181818
0.666667
0.000000
0.928571
0.111111
1.000000
0.687500
0.733333
0.500000
0.600000
0.571429
0.300000
0.863636
0.687500
0.100000
0.500000
0.615385
0.692308
0.200000
0.615385
0.571429
0.875000
0.842105
0.666667
0.100000
0.272727
0.965517
0.222222
0.545455
0.954545
0.111111
0.692308
0.967742
0.307692
0.916667
0.272727
0.975000
0.538462
0.904762
0.954545
0.636364
1.000000
1.000000
0.958333
0.111111
0.500000
0.966667
0.363636
0.400000
1.000000
0.769231
1.000000
0.769231
0.785714
0.812500
0.952381
0.692308
0.769231
0.962963
0.944444
0.416667
0.583333
1.000000
0.894737
0.615385
0.583333
0.538462
0.920000
0.800000
1.000000
0.952381
1.000000
1.000000
0.935484
0.950000
0.538462
0.967742
0.904762
0.875000
1.000000
0.913043
1.000000
1.000000
0.615385
0.363636
0.947368
0.545455
1.000000
1.000000
0.947368
0.869565
1.000000
1.000000
0.500000
0.923077
0.923077
0.888889
0.954545
0.975000
0.952381
0.916667
1.000000
0.900000
1.000000
1.000000
0.687500
0.857143
1.000000
1.000000
0.875000
1.000000
0.976744
0.692308
0.976744
1.000000
0.772727
0.714286
0.935484
0.925926
0.937500
0.538462
0.913043
