0.000000
0.000000
0.000000
0.000000
0.000000
0.000000
0.083333
0.000000
0.000000
0.000000
0.000000
0.000000
0.000000
0.000000
0.000000
0.111111
0.000000
0.222222
0.692308
0.833333
0.222222
0.000000
0.000000
0.818182
0.000000
0.000000
0.000000
0.000000
0.000000
0.636364
0.111111
1.000000
0.400000
0.800000
0.692308
1.000000
0.954545
0.692308
0.111111
0.000000
0.812500
0.100000
0.904762
0.222222
0.000000
0.454545
1.000000
0.000000
1.000000
0.454545
0.000000
0.842105
0.750000
0.000000
1.000000
0.785714
0.692308
0.300000
0.800000
0.583333
0.800000
1.000000
0.400000
0.769231
0.400000
0.785714
0.400000
0.785714
1.000000
0.000000
0.500000
0.666667
0.111111
1.000000
0.857143
0.333333
0.111111
0.545455
0.400000
0.000000
0.454545
0.000000
0.222222
0.666667
1.000000
1.000000
0.823529
0.952381
0.615385
0.785714
1.000000
0.363636
0.600000
0.300000
0.968750
0.937500
0.545455
0.642857
0.000000
0.363636
0.111111
0.333333
0.400000
0.416667
1.000000
0.363636
0.636364
0.692308
0.958333
0.200000
0.727273
0.952381
0.666667
0.666667
0.800000
0.600000
1.000000
1.000000
0.500000
0.500000
0.583333
0.866667
1.000000
0.666667
1.000000
0.950000
0.454545
0.904762
1.000000
1.000000
0.777778
0.571429
1.000000
1.000000
0.833333
0.600000
1.000000
0.833333
0.869565
0.900000
1.000000
0.960000
0.733333
0.863636
1.000000
1.000000
0.850000
0.789474
1.000000
1.000000
