0.02892815196110557
0.032891493290662766
0.03257579232965197
0.03323894007725919
0.0655334584414959
0.031944135873445446
0.05527012000126498
0.07255234569311142
0.026687625842573854
0.05118355798069388
0.0576112131706693
0.04850566685199738
0.03779252487633909
0.026623283662966322
0.058261876333166256
0.023154249273240564
0.021863246764987708
0.027600227072834976
0.03280719722310702
0.037918853016898915
0.07358913558224837
0.034656060804213795
0.026997578298536745
0.01734198451042175
0.0650537209585309
0.06452533081173897
0.06271046632900834
0.015380373973813323
0.04981626011431217
0.023708971885469145
0.024040430340812442
0.034343406322101755
0.03375755832305756
0.044186592722932495
0.06358359418809414
0.04149743039693151
0.055923226688589366
0.030250269373257952
0.03890830080858187
0.06490918882764303
0.024919048209115856
0.11541080759838224
0.053624335162341594
0.0323168794836849
0.032219602935016155
0.03001463215177258
0.028055137284976595
0.022980092693777647
0.05317705269902945
0.033844244041493235
0.020499699477106333
0.053928270137735775
0.06373155737916629
0.06541651859879494
0.020016049452126025
0.032480503839930314
0.023453785245865583
0.01890834948532284
0.052312388338503386
0.028967766590220368
0.029968810122656193
0.03396117186236582
0.039642046941205475
0.023894261752814058
0.027275948479771616
0.020760842318460346
0.061792854219675064
0.042391635164618496
0.02519727228991687
0.034694092965871094
0.03265974898003041
0.018778396031633022
0.03276040556078608
0.02365498969517648
0.02764714460223914
0.03620259999545912
0.024103389334997963
0.025768313679471612
0.0334644423507154
0.017304697646573185
0.026640092445537455
0.03107113974876702
0.028386591214400073
0.06497631408274174
0.021870840701460836
0.0231453430518508
0.04327017938097318
0.04703143399991095
0.022219053050875664
0.026109832956641914
0.017579508497193457
0.02190538438111543
0.026839250979291927
0.03085967346443795
0.02038547770395665
0.026223797179386013
0.02699539229506627
0.027336878506466745
0.03076540926328072
0.027936749088995416
0.029453199222528686
0.038295020955718226
0.02933264404454309
0.02898582027070224
0.02369149754904211
0.021776919635757806
0.02975903934277594
0.026051027854414367
0.04068836259777132
0.028167999161034823
0.025628603342548014
0.020509892224023735
0.031704662431404
0.028436125073520863
0.020272440233089953
0.03146148109398782
0.11224851110950113
0.024434594426383363
0.0317970172662288
0.01817044028214046
0.020799139755822364
0.026943567249923944
0.06943675103996481
0.025031489366292955
0.016323229669034482
0.026640280759953838
0.02381088847331703
0.028565956996381283
0.02766908631883562
0.017587336876615886
0.02050809899191646
0.03101731694042683
0.02529673944271746
0.029038282106071713
0.02825168199315667
0.031715951836854224
0.03664434563182294
0.028116747952252625
0.0161962201949209
0.023479926732927564
0.021364295666771276
0.02417611722500972
0.02989735135771334
0.028528947137668733
0.0195393943477422
0.026025270073115822
0.027356417589634655
0.03146728885536258
0.022118784949928517
0.021830814000219113
0.021201185771822933
0.03240828550681472
0.03100770010910928
0.018712584952637553
0.03055276037938893
0.021905021738260984
0.025158639363944534
0.022518245534226305
0.02741899713924205
0.023340373915433886
0.02075130485892296
0.028747618203610187
0.020711227465793493
0.0307492132410407
0.024985172090306876
0.018337380255386237
0.02144049895144999
0.018654844459146266
0.02025699059851467
0.022989067446440456
0.015998170006647706
0.025582524238154294
0.027573691710457204
0.016272816455364228
0.026204568827897314
0.01750282986238599
0.016969874973967673
0.02052045597806573
0.03195116654373706
0.030910612974936764
0.022120501944795253
0.014133893349766733
0.026495829356089236
0.016538340855389837
0.02839691048748791
0.021334045950323337
0.01906154828220606
0.021510969240590923
0.02601087332181632
0.015713176408410075
0.017133158204704523
0.02315345050469041
0.02013190426640213
0.024392530796304344
0.021417839541286225
0.02844425428882241
0.02041608682386577
0.020812792046368118
0.02296304322145879
0.02331691934168339
0.018923403829336168
0.020595931733772155
0.03182790560722351
0.024840496266260743
0.01906695476472378
0.030200353814288972
0.01984829954057932
0.02564480033256113
0.02021189597062767
0.03784000074826181
0.031898864184319975
0.03524998303279281
0.028089656791836025
0.03402824012748897
0.03895954025536776
0.11610386009328068
0.03281650181859732
0.0333852581243962
0.02964837047383189
0.017954136283323173
0.020713673539832236
0.016881515192240477
0.024348103446513412
0.021599806659668683
0.025053904955461618
0.0370057461861521
0.03457078394554555
0.019293241315335035
0.0338994403515011
0.02525817279145122
0.03303972156494856
0.03506043300367892
0.035659092402458195
0.019288612412661315
0.017016949992626904
0.02069996248856186
0.01630787845775485
0.02406982489302754
0.019812945273891092
0.020138038248941302
0.019509659856557848
0.017882785458862783
0.021566766923293467
0.022252296062931422
0.018841887789219622
0.020851048018783333
0.019431597118079666
0.02086977801546454
0.021811669872328635
0.030684521998837592
0.03775466168411076
0.038036587745696314
0.023829266702383754
0.037802291348204016
0.03483465921394527
0.03801865846402944
0.02438456688821316
0.01958516043685377
0.025318242333084346
0.02781091530658305
0.014405665279924868
0.01824683002270758
0.026419409658387297
0.019818629510328176
0.016344715818762783
0.040006093509495265
0.027313984090834856
0.0323186933260411
0.03969882555864752
0.03813839611969889
0.029571207959577444
0.032978046569228175
0.024631148301437502
0.03115552758872509
0.025563545764237642
0.024538535417988897
0.017024953201785684
0.017006422397494315
0.03721878258995712
0.041056516478955744
0.029993638905882837
0.0315503550413996
0.03000169561319053
0.03835854745991527
0.02851643997244537
0.031364259538799524
0.04126204212382436
0.03362935058809817
0.038727358990907665
0.020381940435245632
0.020150646404922014
0.017709309437125925
0.02649272494986653
0.01935574377626181
0.022137822591140867
0.019796333787962795
0.021094804991409186
0.025866935735195877
0.043574319274351
0.030164135088026525
0.040294376697018734
0.023806917516142126
0.02521672496572137
0.039023206235840914
0.03829370504133403
0.030979474223032596
0.040604439831525084
0.024279652026668194
0.03720261865220964
0.025701859878376122
0.03463755903430284
0.025467364535480735
0.021797210043296218
0.035855743600428105
0.030098218993470073
0.030049840177968145
0.029919306231662626
0.03603283934891224
0.02769254509396851
0.031887376376986507
0.030389150596782565
0.026735795069113374
0.035082326326146725
0.027715051263570788
0.028169115787744524
0.03369372694008052
0.01748160807155073
0.035030746534094215
0.034825168766081334
0.029276168510317797
0.04031996198408306
0.034741656704619525
0.03322585626132787
0.04001837064214051
0.033850557749345894
0.032910455293953415
0.03592265590019524
0.033815523599088196
0.03721003795191646
0.04800639848448336
0.05235546122305095
0.03649869800657034
0.03697901348471642
0.042946290331706403
0.040158726910129186
0.040255088544264434
0.027182201133668427
0.025774772119149567
0.027005978071689602
0.03740123804584146
0.02635137735679746
0.034793098220601684
0.03372270281724632
0.03673713432326913
0.04325769514292478
0.03631365721039473
0.04695914454050362
0.0434891883045435
0.035766828548535703
0.040873314910009506
0.04506400348134339
0.0416626844316721
0.03877907873727381
0.032950347806885834
0.03668680079169571
0.03451346983537078
0.046805345471203325
0.05007710497528315
0.049497220073267824
0.03630420411862433
0.03118912307061255
0.0368844557736069
0.03675980063378811
0.039974772350117566
0.03531936881095171
0.03826580241508782
0.0332971110355109
0.018647025842219597
0.025055142714455726
0.016428039004281164
0.020919461416453126
0.022453185449540617
0.02086081744246185
0.021488197851181026
0.0134777349896729
0.048095070561021566
0.04756000008136034
0.04230149644389749
0.05120744819976389
0.044477934864908454
0.044654801985993975
0.05083980844542384
0.04657687436304986
0.0326276837810874
0.023577507207170126
0.02929233079329133
0.02716044614501298
0.029180981222912666
0.03195952524952591
0.02648259510435164
0.035726649840921165
0.048052235171198845
0.05015863319784403
0.04522506093122065
0.045393984094262124
0.04248001363091171
0.047449885262176396
0.04720998445041477
0.0426360772266984
0.04518527788557112
0.045641318051889535
0.047218006125092506
0.04272472263276577
0.039632494596019384
0.04006301057487726
0.044364437236636876
0.04668833528384567
0.0476730554036796
0.0409917093578726
0.044963126668706534
0.04427684511728584
0.04118806339800358
0.04772601227946579
0.042476821085065605
0.047643453823029994
0.053006993741542094
0.043624726063385605
0.051978235940635206
0.05265027479939163
0.048732185405492776
0.05192047084644437
0.047442575199529526
0.045142071721702814
0.04477635687626898
0.04210593791380525
0.048012920482456686
0.041408715168014164
0.044585684472322466
0.054721581884473555
0.04021721554622054
0.046079422088339934
0.03590923170745373
0.040489327587932354
0.036679110042005775
0.04615387870185078
0.040946272645890715
0.03264810457117855
0.04531325011029839
0.04590813558064401
0.019948234863951805
0.017431843800842763
0.018708831505104898
0.02419014980085194
0.022088269083946944
0.02059786470942199
0.02327547510005534
0.017682472396269442
0.037591950380429624
0.04342997874356806
0.0352235862582922
0.038371696013212206
0.04363588418997824
0.04390807536393404
0.044151267725601795
0.04084410008005798
0.0500259929150343
0.05152775054089725
0.04650941947884858
0.03721713364087045
0.04263795453980565
0.04004894294030964
0.042923449624329806
0.03467440485469997
0.051007192935794594
0.042268720382824546
0.040489177007600664
0.04159512558840215
0.045387657249346375
0.05054305875897407
0.05222266719676554
0.0436312297191471
0.031560651453956964
0.040853346450626854
0.03404554757215083
0.029819756754487753
0.03555325261503458
0.032940167944878335
0.03509678631052375
0.03750531221479178
0.05033337942324579
0.04938162869513034
0.051855982029810545
0.04638717660903931
0.04948271193541586
0.052901655193418266
0.0508615362945944
0.053892834328487516
0.054272542586550114
0.051764572467654944
0.052994858706369996
0.05367895198054612
0.05079733973592519
0.05141561868600547
0.04704321599565446
0.05043820003978908
0.04407483210973442
0.04262833695821464
0.05088962329775095
0.04729449050500989
0.04585611546151339
0.04788844366073608
0.05011524478904903
0.048324629734084
0.03698772103488445
0.03912654570303857
0.03703140679672361
0.04290690133348107
0.04122543125636875
0.04040402266643941
0.03839275998286903
0.03605067736692726
0.06158117739483714
0.0413774970754981
0.038003142804279924
0.03922037447318435
0.04419251086190343
0.0421776438690722
0.04212994349859654
0.03842793644852936
0.03984324584715068
0.03929274309650063
0.04114615374915302
0.036095060042291884
0.03639638798497617
0.03743446361199022
0.04191156641580165
0.03814571555443108
0.04470370194874704
0.04191513062678277
0.03948496410138905
0.04374992717504501
0.04432491194680333
0.04342785318382084
0.041576651369407774
0.04544083017855883
0.03425183159261942
0.034852755858749154
0.03796468964777887
0.03770339757651091
0.035341641280800105
0.0314694152791053
0.034867130240797996
0.03414187501631677
0.05318291528150439
0.05556021811440587
0.05667825666218996
0.05527716752141714
0.05741773676127195
0.05354003833122551
0.056774298381060365
0.05725857730954886
0.036554468246176836
0.03958402003161609
0.038845376847311854
0.03698090923689306
0.03528906788416207
0.031072469837963582
0.037222839717194436
0.0324861132863909
0.024918720847740765
0.030763313675671818
0.030629144447296856
0.027212860975414515
0.02964529008902609
0.027622322903200977
0.03207699697278439
0.031548729440942405
0.05526038037613034
0.05452651402913034
0.06012928497046232
0.055480562823265786
0.057364237664639946
0.05412787385284901
0.0574341444671154
0.059682581759989264
0.043612838079407815
0.034959467375278476
0.040725793339312075
0.039118331083282824
0.03992077103480697
0.03958738098032773
0.037594580600783224
0.03581042871512473
0.04092470830976963
0.039300099878758196
0.04213917749226093
0.0419387409299612
0.040945504661649465
0.0424974282130599
0.04178228735923767
0.040108199554681784
0.047472687494009735
0.051086204389482734
0.043424233051389455
0.04728576235473156
0.050330577166751024
0.044286444189399476
0.04459671909883618
0.045326477004960175
0.028569736180081965
0.03206800698973239
0.030997099659219388
0.030174718913435938
0.031477598943188786
0.029821328908950093
0.031296141373366115
0.03031290759257972
0.05102914582453668
0.05532370187342167
0.051374622397124765
0.05124364810064435
0.048476312626153234
0.049818299822509286
0.04776231226958334
0.050104011856019495
0.04142947129905224
0.03993136684633791
0.042595350574702026
0.04261535002142191
0.040796681383997196
0.04564564513973892
0.040111241575703026
0.035877333411201834
0.053478466989472506
0.047720810808241365
0.05125600635074079
0.052052060910314314
0.04950940220616758
0.051923330356180665
0.052106611958891144
0.0568293284740299
0.05345682937651872
0.051895959312096236
0.053467154167592526
0.049153598507121206
0.05342843236401677
0.05459905470944941
0.05262035143524409
0.055786735343188044
0.05910912512093782
0.05310942292436957
0.056157041457295415
0.05662115003429353
0.05532221047207713
0.05563919326737523
0.05785070385783911
0.05743730372749269
0.05837069899775088
0.05642304713129997
0.05840928558260203
0.05616364743560553
0.056659614872187375
0.05732799146324396
0.05715715099126101
0.052085662351176135
0.03266336983218789
0.033983008628711106
0.035771168863773344
0.03694899030029774
0.031211435702815652
0.03382437944635749
0.03452217072471976
0.03208778360150754
0.04187966979332268
0.04436784999407828
0.04371235517524182
0.042122489684075115
0.04544624461755156
0.040209078383445736
0.04494891088679433
0.040948950049653654
0.03575189835838974
0.04446451926566661
0.040545149058848616
0.04682893947921693
0.04507818726338446
0.03967809152528644
0.043847636740654714
0.04139222702682019
0.0453631617475301
0.0487467603199184
0.05131586939096451
0.05194881790317595
0.050150802130624644
0.04936791006475687
0.05150022432655096
0.05083705516755581
0.05039380133152008
0.0527321183308959
0.050606283582746985
0.05265608545392752
0.05068054785951972
0.05417619094252586
0.05414080591872335
0.05028362336568534
0.055858445782214404
0.05792362553291022
0.05517824283801019
0.0578603469952941
0.054901969209313395
0.05677120277658105
0.05578750759810209
0.05571318200081587
0.05902518159002065
0.057942373885214324
0.05767212893813849
0.05633765079304576
0.057043060436844824
0.053107910167798394
0.058884195266291496
0.05669548055157066
0.03717499848678708
0.03853949279040098
0.03796101172454655
0.03336883847825229
0.03255918113961816
0.03523570105656981
0.03699416623450816
0.03636725739091635
0.05728534055873752
0.05754425506107509
0.059147520009428266
0.05542203163728118
0.05592325866445899
0.055601654893159866
0.0586108616925776
0.05531788535416126
0.05074915723167359
0.04945656855590642
0.05112139001488686
0.05196172127500177
0.050334238726645705
0.05629002907313407
0.052856917199492454
0.053163257341086866
0.05111562309302389
0.05034203592687845
0.051376634410023686
0.04973735447712243
0.049644147837162006
0.04960476802363992
0.0524308131750673
0.11809939004480839
0.05555722545832396
0.0552385416533798
0.05355552170425654
0.058347680643200873
0.055657525388523935
0.05465216727927327
0.0539487309101969
0.05417140373960137
0.05276828205659985
0.05623649368062615
0.054859886858612296
0.0533086415566504
0.0543079786747694
0.05280349374040961
0.053499282095581295
0.053951734155416486
0.04978530464693904
0.04994079794958234
0.05019368936307728
0.04963057542219758
0.05079480530694127
0.05243631284683943
0.04606880585886538
0.04928779834881425
0.05023549512028694
0.051997684109956026
0.04780569108650088
0.052025609612464906
0.04808774993754923
0.04999220516979694
0.05085720511600375
0.05098033915273845
0.03716353184767067
0.03782585476264358
0.029740448919683696
0.03404622982442379
0.03948253877684474
0.03169162582121789
0.03545380345284939
0.03823685798086226
0.05240793336182833
0.05025462644174695
0.04803002529069781
0.05304174332171678
0.04961381120830774
0.052042137123644354
0.051796915684640406
0.05278426941484213
0.03620824683904648
0.03207182259038091
0.03334469736516476
0.03325278462804854
0.03601461919210851
0.03329144097827375
0.035412258379906414
0.034847993925213816
0.051943720749020574
0.05515727298334241
0.055058792121708396
0.058007815554738044
0.05591133879497647
0.054737445153296
0.05825000554323197
0.0536446094699204
0.055498669650405646
0.055610487889498475
0.056065365206450224
0.052856629718840115
0.054958198983222246
0.05527563061788678
0.05558280976489186
0.055914549492299556
0.041042310809716584
0.03611774040125311
0.040167407202348106
0.04333305623605847
0.041400928106158974
0.039753223303705454
0.0377374268181622
0.03839468622803688
0.051542388536036016
0.04904371902793645
0.046950292699038984
0.04758606102317572
0.051320616770535704
0.047175287678837774
0.04826413275897503
0.051161138284951446
0.03993438708335161
0.04319166223742068
0.03974705846272409
0.040618348396196956
0.03737146712988615
0.037131144969910386
0.039047738157212734
0.04065544723533094
