0.03167361517250538
0.015244297329336406
0.03149539823698647
0.0304560070562194
0.02001756719152133
0.03138899111139931
0.0281855649400192
0.033081547049805524
0.04881296902456705
0.04120580811053515
0.027147864416997503
0.03665676868210236
0.028443175267209023
0.027503648445010187
0.021274725146591657
0.07811484938221318
0.06236440522803201
0.023781598776578906
0.024679748857766394
0.03616223004460335
0.06408698484301567
0.03640181807970459
0.04181982501439358
0.017367746522650124
0.05953482914429445
0.01607799355387688
0.06354349065572024
0.018844359626993542
0.06414244590061051
0.06348490094145139
0.015846545520797374
0.02615495663422805
0.03435710248493013
0.06473058374489055
0.047016346150865924
0.022240601181983944
0.0348314285899202
0.02902824761690917
0.025675804049149153
0.04032072242349386
0.03326331134995117
0.03948027557947419
0.028064769587945196
0.06443628598935902
0.059592644994457565
0.04461101442575455
0.035313014095649124
0.06104831237878118
0.031501967587694524
0.03525493497329374
0.019119602667540314
0.025097223560071803
0.042757653165608644
0.028107249145209786
0.021550998989492653
0.035364249845594165
0.026760363127291197
0.030763028198853137
0.015887083151852183
0.02332594325952232
0.026972427334636447
0.03384975484125317
0.044696576308459045
0.033241298675537115
0.040624372893227984
0.0253747797396034
0.02671061991937459
0.03560441925656051
0.028277811356820167
0.021516266910731795
0.02983914748951793
0.03046424733176827
0.025587517388164994
0.02061493489481509
0.025096769166737795
0.030015945713967086
0.02288786814697087
0.015834230484440926
0.024416351158916952
0.06928896866738796
0.025787384045496582
0.024973039328679444
0.03248747650384903
0.027513586128875608
0.027860403983294965
0.026183561880514024
0.03526608691625297
0.027391095894202584
0.0286880054578185
0.028166185763478273
0.018825551679730414
0.02190760291926563
0.02313504912033677
0.024955388963222504
0.028568334791436792
0.024663644313812252
0.0264536275871098
0.02572643070146442
0.024041478465870025
0.01994038197211921
0.030778680143132807
0.022476968138041547
0.019760951092094185
0.028405622268840674
0.022861076525598767
0.030692650065943603
0.02123693803958595
0.01736712605804205
0.020054203506931666
0.028539639238640665
0.026747771934792403
0.02342482203841209
0.021876659438759084
0.02773710334375501
0.02429465171992779
0.027722855005413292
0.027694510240107776
0.02409281932935119
0.02923715928532183
0.02967345453798771
0.02438618512712419
0.03290077198147774
0.03228977767787874
0.0313935109294951
0.029568000372499226
0.02273654146902263
0.014469898569211364
0.031179038013890378
0.02158451001755893
0.02758250936344266
0.025965239963680508
0.027570592406764627
0.02864455982372165
0.023981687960028652
0.030326441248133777
0.023225465969741337
0.016387418173626066
0.03045799551084638
0.03514195836223662
0.030167275194451212
0.028477081158012146
0.025436429196968677
0.01971368445791304
0.03060151389576495
0.0247322121527046
0.03299151962436736
0.02917933191665832
0.018131108029559258
0.025337530129402878
0.028428964266553523
0.024154646377320645
0.024702496616790692
0.02976921884523284
0.021320674545317893
0.024663858596235513
0.025529882175847885
0.023670118533442787
0.0242198046207428
0.030107214613631365
0.027562491498473618
0.023804322870448234
0.025802941119670866
0.031274569320678715
0.02475038368813693
0.025565733648464085
0.03090823346748948
0.030530376733094455
0.020273251189291477
0.027884999038651586
0.032926071149110794
0.029459704038128254
0.06380351521074772
0.02260780575312674
0.023829344379901883
0.029659273187443613
0.029839952282607555
0.021502826756238935
0.017940413428097966
0.029551771014928816
0.05071780048310757
0.019879467904567724
0.02705428534150123
0.01738298880197108
0.025841377721726896
0.03484102364219725
0.02946189083158969
0.02387964756116271
0.03108852742761374
0.030459740446880462
0.015433663198351861
0.0195754050780484
0.02571827177591622
0.02023782316632569
0.031452856803685425
0.0704759880900383
0.03903749226033688
0.030901380774751307
0.03019937878213823
0.029748744750767945
0.03201331165507436
0.03218228062391281
0.037072022614255545
0.020460294488072392
0.036170174920558934
0.03389499467983842
0.02194820638224482
0.021863453142344946
0.029383225168660276
0.024544766616448763
0.02540573438331485
0.037491031048287236
0.03691922378651798
0.026983249660208822
0.032950137500837445
0.033678476979210975
0.028322202993929384
0.045981785928209624
0.03471788603700698
0.032487405553087594
0.03535514748729765
0.026651763053610916
0.021929860192164776
0.026853176799416536
0.028253670815750954
0.025543913065269593
0.029138987120240926
0.028223555677011607
0.019477554698660974
0.025624915831163532
0.024173581726476556
0.025082582765445106
0.02199548522643745
0.02930458684191108
0.01760512286759913
0.023715428425744173
0.023691833481192585
0.02317751397266984
0.01836774611436739
0.019450947635887585
0.018233071333915
0.030591126247122888
0.019560892024263744
0.030910934964194885
0.02262165802200475
0.02392049634493888
0.023729807489365342
0.1395853197943419
0.029782823030278086
0.027188294212520125
0.02735415766760706
0.018964138076454407
0.023787394525855782
0.019812252566916867
0.02135383199974894
0.016749231516942385
0.025396763621955306
0.03171401549614966
0.022955819882825024
0.02121004042588174
0.029929539987072342
0.02984546383321286
0.02764524018205702
0.022588782397409277
0.026035891266912223
0.03864268572864736
0.021055790737803497
0.02884750803485513
0.027922814197160983
0.020189306687936184
0.029358095345646148
0.030503345544263722
0.01921642769724131
0.02436954752610224
0.022876013055598984
0.01738257369287312
0.03371314100623131
0.035662409073114396
0.024278874191177358
0.02681340566687286
0.020040886072441935
0.0338754977658391
0.025740064768120647
0.027465629609661146
0.03295682910718024
0.03116665329448879
0.030799026290575664
0.020264559795707463
0.022435308972001074
0.05070570483803749
0.024387146956846118
0.017606827443093064
0.02309271370247006
0.01729035717174411
0.014498622696846724
0.01489544084519148
0.027661015299707648
0.02646761247005902
0.027327205202466735
0.03128250284534362
0.0318402754150331
0.02914255213358852
0.02443628717039246
0.031557073038816455
0.023894835877858227
0.026781980127773504
0.024103132168917612
0.03489047839891079
0.03867522658159336
0.03420215020768154
0.027723975558352626
0.01347682339847088
0.019925830635055902
0.02295737122467091
0.029058720233940308
0.03777641483023763
0.02874518088507848
0.014808660637587312
0.025260422876048273
0.031960110085617215
0.014189141231030227
0.02459758904311926
0.03161366620538186
0.02993209815770388
0.032187923596476216
0.03202406558729708
0.030497623186185957
0.05051891150549054
0.018971245711876288
0.025995818803459407
0.037140246062725785
0.023912977537512776
0.026656040200455623
0.028031519057475168
0.03129998803213238
0.023954476748406884
0.03302080568073219
0.013805566685646775
0.016827965554967527
0.023847065549038475
0.024487098951637747
0.01645167139619589
0.014371539669111371
0.046910366275161514
0.0295562663026478
0.032504890293829025
0.03159133639186621
0.027609404639473985
0.03445963479284393
0.03057552840523422
0.03455487810336053
0.03863920458033681
0.02695494070434227
0.031779002540216254
0.035519834349029944
0.021438636157196017
0.031119371633604162
0.03349236353798661
0.04173920231597389
0.02940061101657257
0.025347480028495194
0.045901905339091054
0.03328723868162468
0.03312842773894469
0.03408409562342021
0.03202801986411214
0.031023100672797725
0.02425259094255475
0.0316182187628001
0.029328622787073256
0.03869204362794276
0.0212691673848778
0.03939474464990199
0.042449318168477884
0.0446088413844506
0.044302018714093026
0.03169204862869304
0.032695599023339364
0.027845329115788145
0.024226872282130503
0.022827380916476247
0.025771636233171996
0.03406713385134935
0.026076285381987686
0.03331676650306453
0.019762419817969206
0.027289707752565544
0.03214327269617249
0.028346574396640057
0.022523654452101752
0.034417225738105024
0.03653132865107373
0.02935383340586787
0.03217493470199406
0.03260318645308244
0.0294435235572358
0.05534299867115914
0.031462923754006625
0.02745644686477525
0.023271622863309135
0.03908283307132396
0.02673651445207411
0.039249725903694827
0.021462444864213465
0.025063751075416797
0.03432162523120642
0.034024246778516544
0.03845965373258178
0.03942705638706684
0.030356298639786013
0.036469132926534205
0.03770176415996892
0.03360258140008558
0.02669891010750743
0.03115646894477929
0.033958056086585635
0.03259954140122448
0.03120947080469409
0.04059521702583879
0.02838428638254603
0.025244822157056708
0.026888471277136554
0.04034135626554489
0.024752935833836857
0.03851900864784655
0.02957324507158427
0.040807270509087376
0.027750266221248446
0.02562836169451475
0.03472468590140343
0.023171183722359795
0.028113674784877474
0.029651962218265382
0.03784672453467335
0.03555471265539526
0.027721671849827878
0.012318964624777438
0.03194632187211777
0.03608223503885361
0.024961072946147574
0.030936174126410927
0.036241444196476014
0.013550036916881801
0.024675705799034667
0.01352015990242362
0.03231002905808481
0.032007752463643284
0.014212752025946976
0.0355935709703375
0.041046994862457116
0.027537286743521693
0.042383648655537905
0.04342545277398566
0.03706827508630576
0.020159941885451026
0.03165421023565744
0.024317311136120994
0.03656726009771228
0.04089091323316097
0.027519476131118575
0.029040242727100846
0.030520480821530027
0.025858831660527933
0.04133124209009111
0.019701286115450786
0.0359451216342859
0.025566781653712192
0.01654104850292206
0.03615996335344068
0.022605954500287767
0.017604896416515112
0.03465781365334988
0.029607279873029753
0.038842756142312626
0.026479354893021726
0.0377695799969575
0.0384615846991539
0.044091983130606624
0.02307959195883835
0.023471979065428656
0.013271822045370939
0.03879532542587681
0.03502112617045641
0.02881376820198004
0.022936784994679615
0.021357633314465968
0.021542796785844132
0.017429962559706632
0.030183563110503284
0.01966013522197803
0.01750635188486841
0.028731532049132515
0.03894902356225869
0.021262551813572648
0.033661072277526065
0.03918361515394951
0.03728849027305841
0.029040373808890577
0.027575325553390116
0.030989151332154873
0.0312405748013407
0.02714384362872305
0.029329680465161802
0.038900301750217164
0.03929300650521073
0.02697715230640911
0.0242332031223923
0.018496207046136266
0.03489794921655866
0.029464298174530265
0.038495461589895016
0.03441027951654461
0.03639918640591204
0.03617213966548443
0.03391966879171761
0.03298121500590986
0.03092355105392635
0.03220345157302088
0.03439905396252871
0.03511480116697607
0.04078753284467705
0.0327809466190991
0.03479550923823434
0.03126962664309475
0.02901213245652616
0.0175121203083545
0.013045183332636955
0.013508853748068214
0.012748366820812228
0.01314203477576375
0.012386741459742188
0.028222564595565203
0.029257637584385904
0.03677365464030528
0.03099927901029587
0.02368071912936866
0.03464553764127195
0.033414847293966696
0.02735243989229202
0.026942570110963234
0.02787929930090904
0.030877882868687555
0.02374152614846825
0.032891316591575744
0.03339081001766026
0.02691769793517887
0.03696555243466388
0.03765885803289711
0.028513604901731018
0.03155267533027765
0.029267068370059136
0.04073357210457325
0.030881427494063977
0.031940017436444756
0.033507632674730344
0.01983106284029782
0.02526248885467648
0.031901104917868656
0.01674526373706758
0.01374998103119433
0.02158589461706579
0.029853623428195718
0.02409684819886919
0.018597794545814398
0.031249887948483223
0.032371454192118516
0.028065763515233995
0.013616768718883399
0.02855676233768463
0.03185413756915792
0.022847332312744495
0.02573184670139867
0.027351375405930665
0.02960311496928334
0.02558526940760203
0.03578464983790009
0.025912103098817172
0.023748127570426145
0.03421485364011356
0.026930687995345308
0.035170405305301154
0.03614370842278004
0.028459675935870513
0.02972158968485892
0.029362710981217566
0.03554763795096766
0.03724076728750434
0.029020460332847307
0.028167798513052414
0.03142946397480757
0.0358619101587683
0.04963967185765505
0.02714126695394516
0.028851913768888977
0.027079475209573097
0.03264946264512837
0.029680745381489397
0.03191880440637469
0.03374761323798709
0.03014581582322717
0.03874744762715541
0.038306172729283564
0.2953746913179755
0.027820702648162842
0.03298949554461885
0.026914841425791383
0.02937052798718214
0.03147827560827136
0.019921291993930938
0.03173021181530896
0.03188342489115894
0.027523922438804922
0.03348909801878035
0.03397478793282062
0.03663754934631288
0.03871804099323021
0.027259298375186824
0.034799106473103164
0.038372169661202604
0.018805024359312094
0.039795713205422675
0.03723867252133787
0.034330444574794346
0.0351641388727086
0.037858112532412634
0.02434164829143923
0.030445485739480884
0.03193652085512876
0.029588291053846475
0.03070156323457403
0.023835830533256136
0.02110983231244074
0.03660699320621789
0.026488350418955094
0.03457846754823219
0.03636561509532233
0.029449077073857185
0.020452283950150005
0.025954362062737345
0.034152553373575215
0.03214682493358851
0.02847648456382255
0.031487303864119985
0.03742769679715557
0.025982532530712588
0.03770984179005027
0.032040722764897764
0.024083920560607854
0.03952283659949899
0.031790573713572134
0.03747407021154376
0.03871425300836563
0.048561468021944165
0.03920897357165813
0.04608662308711145
0.04925550091201845
0.036860454822972157
0.0425996014378641
0.028689090644043905
0.035019441066762885
0.040675344285196986
0.03833093308589675
0.03413864772089503
0.03881009375788271
0.02951230849987931
0.021981612882421665
0.03374268297627569
0.03178556322613183
0.031170641886799234
0.03890248442441225
0.01871139617385091
0.028172048684209586
0.04023989621263284
0.0350581547094358
0.03326169186168247
0.03410608714128413
0.03368930274286332
0.022918398277078932
0.03570011618733406
0.02959503245055676
0.02504329945282503
0.03386173025518656
0.03827280924175725
0.027232474330440164
0.045201924064833865
0.02460485448057835
0.01391120729520917
0.038444917033027326
0.025958756726980205
0.023186761053573143
0.013698808151111009
0.03737470576125715
0.02756928329020739
0.04058270615835984
0.04338408423293578
0.03845295008133959
0.029329400130293583
0.042801345174666494
0.03453050646753538
0.04694009741278071
0.035900763639686056
0.039357663261600666
0.028825833334181556
0.031808691024780275
0.03213975772152052
0.030883946211889706
0.04683113015443087
0.040368544802897505
0.0345658390395142
0.0362887649545851
0.039113936132171005
0.03544575385987125
0.03008615119121969
0.03949928127505161
0.03823799616545439
0.04587355867922306
0.03448888951539993
0.040678131398420005
0.020072830852902967
0.035114867264404895
0.03190735590954622
0.028783996100723738
0.01322397938631475
0.03554060150720179
0.03327037309822829
0.036029480514675374
0.029550994950588105
0.0267357971213758
0.02611344764381647
0.027788730624318126
0.02512690696548274
0.04413382249443155
0.03327740295077948
0.03493874259631742
0.03439339096623439
0.043407616072467396
0.03586347470059991
0.0427021504038324
0.032912876783091516
0.036469243336468934
0.03580126750504687
0.022746269125796734
0.0344548513982445
0.03783745194817412
0.03609671162879642
0.0234747428400442
0.024860533846914765
0.03659591420139704
0.01701215166710317
0.022804220247641213
0.02949119916685471
0.03605537705469963
0.03633252070136368
0.012684478102624417
0.040689940186998536
0.032681214190385444
0.028565858960524205
0.028850088335573672
0.03987270752899349
0.028059393683305147
0.02006710351929069
0.024798048125772642
0.03084031477789669
0.037465111915595255
0.028566856963130143
0.03562597519191711
0.026519757667556404
0.0372501203461605
0.04645719388499856
0.046056521673287665
0.03518533132496205
0.040390638301060315
0.02989532728481925
0.03954578791848487
0.03049402955104597
0.035245218791944144
0.03473740239031613
0.029686010276526217
0.02492824838807186
0.03333551379218698
0.03307379471799058
0.032653342941623247
0.0408580718934536
0.0258152950087259
0.035350009343400594
0.03284817860422419
0.02887823199532155
0.037678502435982225
0.040898364510525156
0.03799418319718561
0.02028007521577504
0.0244467140916808
0.03382763919904828
0.03426309755444527
0.039887864567015485
0.040008104898035524
0.03659136713550585
0.03874586285712819
0.024433193076401946
0.03490107151454893
0.035827148955028795
0.031151602459961878
0.04655432203211463
0.03475403611387672
0.0319045783765614
0.03219211393405521
0.021832985490560532
0.033829896057061125
0.037575561201820776
0.03451089834136998
0.03450976679722468
0.028055144034405333
0.03783798715837722
0.030481809911318124
0.03235502135862286
0.029794413092235725
0.03026157135245475
0.041287586217716575
0.029747019305237026
0.02883165973062451
0.01969914446510375
0.020088155586836916
0.033144445866346364
0.0135766193959862
0.024407631335024896
0.034437895726333274
0.024766244163306857
0.03149368874430657
0.0340105196545201
0.040203638980830354
0.03891630225185607
0.029321096498105263
0.02515796275588415
0.03811222647062757
0.03658738671300503
0.03027057985076681
0.03631648795788779
0.04894669655296538
0.029698006255483186
0.0356016939388294
0.039665226779050294
0.03447675029591968
0.025491705015301708
0.03674314925531772
0.031648885368555785
0.03049312182180583
0.01328080071285367
0.015281297571584584
0.037817932529080854
0.04337968571608265
0.036702799392243225
0.02748772497661412
0.018742246341332796
0.03582979899260306
0.024128937092387965
0.03052761149903139
0.033560678546627365
0.03425254728011787
0.031082721087953142
0.032636007690429694
0.04208953279952862
0.028919922335605537
0.033879542666761304
0.041679929355459826
0.02392273015901446
0.041601726177917873
0.03540414965189993
0.02956804487020222
0.030700232799475393
0.034487998530800854
0.035594545068195114
0.030881129654590042
0.04144465921372175
0.037167120064712234
0.025948174329847095
0.04073113748044879
0.03978389429338908
0.02683039831973258
0.038396404759585855
0.03646743688827906
0.04030452258352722
0.027554808424955068
0.03818525065369904
0.03259489955753088
0.04335621896558083
0.0282963782110635
0.036723213797578445
0.05176441123088201
0.04182978261895478
0.04308070851732855
0.04875871776179834
0.028670846913896854
0.034490713933110234
0.02936192985528555
0.045265251781259265
0.03906345337480307
0.04129144326702022
0.03816235394626856
0.03844653945825994
0.038469187071093834
0.032078028344721704
0.03525913543607059
0.03979908541738987
0.03350539307213492
0.0359687361933291
0.03631718492545819
0.03771515102992798
0.03818761447497776
0.031544421955265786
0.03371609409712255
0.030934630420145603
0.04757273961838923
0.03396170579666353
0.029705799220031814
0.03837607804313302
0.038234768687933685
0.038060919540316866
0.032617049694526945
0.03560564622282982
0.03644562964253128
0.04211920169740915
0.03886753206883652
0.040155866247912245
0.0464124153368175
0.0378462395404239
0.03867813886453708
0.0358689195983192
0.04796544867257277
0.03990905946525543
0.03986463148755078
0.03798137839188179
0.03328088907138357
0.0368783668205142
0.035033670605293346
0.026606786182985225
0.040801894266158344
0.042960370879265526
0.03707284806207532
0.03351091273533909
0.04201372380819052
0.04092907946246366
0.03563875691654781
0.036337484127655625
0.040183091119397434
0.0373583515382038
0.033390144550800326
0.0384847270582731
0.03972232105748521
0.03316469667789836
0.03231833217133369
0.03884228404532088
0.033767535568214956
0.02966713863983751
0.04130748766940087
0.03526178599081256
0.03650987708494067
0.03357749593671825
0.030180737207520684
0.0332094924338162
0.018848851133137945
0.02029077315814793
0.03555994141990176
0.023273916079103944
0.023991533493250606
0.024950423051789405
0.020578848202154037
