0.03998504128617545
0.03575230731318394
0.015861001489683987
0.016650943368673326
0.011989445396885274
0.053498517256230116
0.03189988985084571
0.03231720271147788
0.03620060194438945
0.04024616442620754
0.045628695281391796
0.032815230882416176
0.02463792621261544
0.038762238333001735
0.029516312824562196
0.019523105874657637
0.04656451250042986
0.026646453887224197
0.039786044814520416
0.06587667763233185
0.034283920576175055
0.017198764616623525
0.01
0.01818638929489838
0.05181991929809252
0.032439807285865145
0.01750509945054849
0.03347981395199895
0.02564555881954729
0.02343704000998711
0.0313773418267568
0.060170816257596016
0.04100919049233198
0.029085672411695126
0.029541876742243768
0.03592222703529931
0.03158373667858541
0.030896510291430687
0.06116911148031553
0.04276298172771931
0.03223293647170067
0.056401013396680355
0.06259855361921447
0.03961642437654993
0.03232919584959745
0.030546873213102423
0.027968902513384818
0.02675042480762516
0.027430960439145568
0.030965738229453567
0.06909631316860516
0.0286805921004099
0.02367741160094738
0.05520558237497296
0.03815948665715181
0.0320720829218626
0.02522317536513914
0.023673450569622216
0.029669136885892265
0.04423848291238149
0.02995460791179003
0.02739747814834118
0.02003848098218441
0.023585167286150597
0.01734031433860461
0.043653163889592346
0.023298477563075723
0.02520319395437837
0.02936669743486813
0.03032683910866236
0.02669253537600691
0.028602328928187492
0.06917012855410576
0.03335496932268143
0.024798772672191265
0.06326029263436794
0.0242037447039038
0.025024395130202173
0.01646632415652275
0.05410790195067724
0.04279112629592419
0.026052302321791645
0.03581580995880067
0.027908963203706123
0.055020892371733986
0.022041238528490062
0.028353310592845085
0.01105268361667792
0.03623329466084639
0.030392764326557513
0.024848539313534278
0.0271658215324084
0.036420243495832325
0.02573705148808657
0.01539844531454146
0.060811200800041355
0.01128652334213257
0.013346009887754917
0.02277206815779209
0.03000697484686971
0.021957936022430652
0.02268923617564142
0.03685077321790159
0.026964514457806947
0.021408171077817676
0.02144643937125802
0.029789689693227414
0.03278200398497283
0.02129123053458684
0.01937035196237266
0.03049329619544248
0.02050332081094384
0.020496186912059785
0.030897353531420233
0.020255031388252975
0.027908497261255976
0.05120791211761534
0.029381370212882764
0.044731808826327324
0.0274597043171525
0.020444571030139923
0.0233603619369013
0.04099849162623286
0.05722998455166817
0.030319791871213145
0.026488027920325594
0.027025181968974604
0.02429869170188904
0.057953326031565666
0.021724222880229353
0.016530813979357482
0.01913912631087005
0.014273845184966924
0.023715961122140285
0.020321753330528734
0.02501103405244649
0.02586731142090524
0.023062373015867627
0.02027791405431926
0.02434728603959084
0.01758991489931941
0.019505167193338276
0.014681325452774764
0.022799698675796384
0.017682957700639962
0.017422453610971573
0.022145760471001263
0.027881514866650095
0.019197464546933773
0.020190039784833788
0.020325828983262174
0.018538245092332366
0.023090415513888
0.022285049195960163
0.023308710789307945
0.0503367758590728
0.020288758862763646
0.026872461270913483
0.020795737856253976
0.023044768641144037
0.02361413281038403
0.020974802076444025
0.019992448489740494
0.02939050488546491
0.02824530584923923
0.029926204594969752
0.018009987408295278
0.01864677889719606
0.020297803872066443
0.025582681020721792
0.030677513511851436
0.025886412455201752
0.022895844403281806
0.029406711363792422
0.02639991933852435
0.02182240427806973
0.02462311612404883
0.02611208159327507
0.02285480682812631
0.019650022926926615
0.02793992335870861
0.0246006620965898
0.028824933734163647
0.014664027350768449
0.027019754011929038
0.02980808431564858
0.03546654558130379
0.03181332044526935
0.026732032216340303
0.0247683871013578
0.02581628921367228
0.025938844474777577
0.030900104808987996
0.029715506199747325
0.029206764552870704
0.013717255573719743
0.025208558166772126
0.036381669266521935
0.02616085107848048
0.027342776746302845
0.02745196492006274
0.02375449810922146
0.027389442799612883
0.06377460733056069
0.026331034660605452
0.03329873162396252
0.02584566079042852
0.03208322075530887
0.02662660699784756
0.04721731347173958
0.03427665581240466
0.032325679007917635
0.028382100386172535
0.02833466425538063
0.025050241628661752
0.022297043582228455
0.0334534691274166
0.02319633602134643
0.06660271994769573
0.024192600452360952
0.02026445015023152
0.027595377073064448
0.03710639420985466
0.03321125610843301
0.02686472851000726
0.024597838671877977
0.026518524640053505
0.02008390725627542
0.02197093078903853
0.030421913687139753
0.02680890103541314
0.023666666283085943
0.030324683508649464
0.027141368279233576
0.01627540372051299
0.023959453793615103
0.02982207771800459
0.029563889604841555
0.023950339744985102
0.02631935498770327
0.028213765658065677
0.025373768625780935
0.020883154943585402
0.0335969288635999
0.026236870860308407
0.02818120165056614
0.024008058040589093
0.028866411714628337
0.023726298896223307
0.028647785054147244
0.02389809393882751
0.026678177631375467
0.03014270632788539
0.026483475221693517
0.034170801767001026
0.02448854029774666
0.036077249944210056
0.02691556519046426
0.027843583346241055
0.030296090299263598
0.02896267203576863
0.028144878477603195
0.02650545201599598
0.017791746391047688
0.02120216844454407
0.020477753307297824
0.02212999258497634
0.022221799395233388
0.01758410292491317
0.01838779277801514
0.0482016671448946
0.022835146280750625
0.02553993740224654
0.02168646287746154
0.02621553114764392
0.032473402647674086
0.026693422556295986
0.06407774089761079
0.022404133843258026
0.031485564641281966
0.020811257805302734
0.024373513102531427
0.02990143453814089
0.02029373854808509
0.01574437099993229
0.02096571397073567
0.022956152484565978
0.013282131379842759
0.02338299154788255
0.02790636874884367
0.024827351774275305
0.03234352127686143
0.02627016608268023
0.028219153841584924
0.022093606177717447
0.02808940359503031
0.026577593383565547
0.03087822304107249
0.02874180625453591
0.024466566478245355
0.030486159183084963
0.026748154425621035
0.031540294935181734
0.027231668324023482
0.03130775974913575
0.028119322234019643
0.03052455201819539
0.02036728355623782
0.029772327851732165
0.030172373539954424
0.02271724496781826
0.014155856229737402
0.014569431233778598
0.018675015237927438
0.020863437579572198
0.027696658379212025
0.024441993388533593
0.018372051623463635
0.019257672955840827
0.015595719373971225
0.039343549489974976
0.025646144469454884
0.02849647411213415
0.027961765433733285
0.014208891881629824
0.028072339372336864
0.026341956305876373
0.03154713967479766
0.02480147298574448
0.03525099263042212
0.033447801171039994
0.018034482773765924
0.03211312355175614
0.02695453821718693
0.03208672026752449
0.022963108494877815
0.031448662731051444
0.014321400715038181
0.027417708798497916
0.023321033268049362
0.01340544321164489
0.024588242039456965
0.013075451458245518
0.013771430695056916
0.012473482704535126
0.016005390497297052
0.012559007709473373
0.014277698231115939
0.03614642326278906
0.029377803446725012
0.027014698865264655
0.026591656252369287
0.012511399861425163
0.013930570083856585
0.015485372502356771
0.02857895210124552
0.014318381993472578
0.014117508943378926
0.027520168699945013
0.032596525813266636
0.029440263713545654
0.03345685533753463
0.030687226272361767
0.030844584770500658
0.022989854680746786
0.014336650537699462
0.025019713629735634
0.02612079244561312
0.014752860924601556
0.02834228620864451
0.013692090498283505
0.018877733676383894
0.027192473969236016
0.028360888137295842
0.019826280639693147
0.01760055517628789
0.029414156786496604
0.014917530033364892
0.0188285842563957
0.014978897843509914
0.029979201228171583
0.03221910463236272
0.01422670406624675
0.030705360190011566
0.023543049154430628
0.021999685842672298
0.018526448888331652
0.02963238016963004
0.030270976266264914
0.027729852001368994
0.015767014930024744
0.04130853410325944
0.01726747260056436
0.020653550173714747
0.021881707493215802
0.0339933472375075
0.029520431608334185
0.021944734643772244
0.06520031065121293
0.026553352484107017
0.026522631540521972
0.026239835662394767
0.034100472623029274
0.04789054195173085
0.027706268636882306
0.030256333760917187
0.03501408178508282
0.02487074498869479
0.02415210074558854
0.0516347189836204
0.03719532577134668
0.01693518141545356
0.016775845931097867
0.02948964433393617
0.01572342905625701
0.017255172166973354
0.026096342377493097
0.03228490985929966
0.03164255957864224
0.03210566117949784
0.06144855362176895
0.02499496005475521
0.032538928895071144
0.044904233068227765
0.016316007431596516
0.01284713905155659
0.026210197472944858
0.02637962598763406
0.023038596380501986
0.027023035509139294
0.03074417563416064
0.05713431579484181
0.02956939832866192
0.02698962203897536
0.03293458361700177
0.031052058139443398
0.01451125891953707
0.02516668814122677
0.030930536134168504
0.04931865446269512
0.04153317655622959
0.02746676359139383
0.015917458181828263
0.029578161237016322
0.026453517084412376
0.028115524868294592
0.029734842579439286
0.03470276663154363
0.02527163867987692
0.02983013249412179
0.03312676344141364
0.026181054238229987
0.012882991629466413
0.024938534561917188
0.014714502001926305
0.030073047732189297
0.03164233377948403
0.02953085302077234
0.02816868893802166
0.014392476677894594
0.04480886558070779
0.03223014090508223
0.031157755759358405
0.03758244631775454
0.03155828858315945
0.022891142969951036
0.03461862538717687
0.036429780117422345
0.024296836312115183
0.03301295504729087
0.03617295436158374
0.03783854990181598
0.03131737461268175
0.013462546214833858
0.02547290773168206
0.032832065462693565
0.022343264425545933
0.029034682745486498
0.02719305747784674
0.024014272242784504
0.013375003301352264
0.03279429591074586
0.027284568779622067
0.027633086840808393
0.02553672918528319
0.03554562210598413
0.03060604744069278
0.029225221576929934
0.03464348473554028
0.03700948925635644
0.028321764117171026
0.028559622960712985
0.029675754315123478
0.031734083165873346
0.02920909845083952
0.030694319839030502
0.03803275984190404
0.04523180068694055
0.03294934970773757
0.02890568432509899
0.030978278561308983
0.025598835910484192
0.016221471372619277
0.015454637534543873
0.02008005790822208
0.05071212939694524
0.02918266784362495
0.014224990900233388
0.031081674857810146
0.03109135997518897
0.028770382169261578
0.026656793608888986
0.03688921621617149
0.025613951430469753
0.03185473573207855
0.027227895679395823
0.03372376166872288
0.03925221296909608
0.03261112216369886
0.037228567159059
0.03075798084392496
0.029333193234354252
0.030332681022722414
0.031976175816729666
0.034878089705651455
0.032483185747638345
0.030172594955191014
0.015035705711692575
0.011722007682919502
0.03219151671119034
0.0267356490265578
0.028565184797346595
0.022545770402625204
0.02781201337687671
0.03129220213070512
0.03237576139685901
0.032143281996250155
0.03046629653507194
0.02758822592612552
0.03561044709160924
0.01306832224428654
0.03268630675764547
0.025527898198501632
0.02748613143116235
0.032358467489166154
0.030150736071914434
0.03503205801157848
0.02882459203489125
0.028259021223199614
0.03242164484799317
0.028375717954477297
0.014275795332714915
0.02692713223397732
0.0356644294860548
0.029975918860404523
0.03221691920049489
0.032377716898918156
0.03718465041594975
0.024682628602907056
0.04042071627866891
0.030208126597478988
0.02519530311785638
0.019888358923420314
0.029250325794517997
0.034602911381849226
0.021082958150282504
0.01647486532367766
0.013784313652291895
0.03328432317711413
0.012880814431980254
0.03348448236063123
0.035622360603138795
0.03095815233923495
0.03163981876187027
0.030885577768459915
0.027210299426689746
0.02809475849531591
0.0187808108907193
0.021435197252230566
0.021809715715795753
0.014578210308402777
0.03346871877610684
0.028782472820207475
0.02187268011160195
0.030094250622391704
0.030655533681064842
0.021429986723139883
0.02638037781901657
0.02836014651395381
0.025632232308387758
0.023471351297572253
0.027583831261470917
0.07956789776049554
0.027869951128282333
0.0285123540494591
0.038646654725447295
0.017979475768903894
0.029396636097133153
0.02875130625516176
0.032524017657339574
0.03411538151167333
0.03614736245349049
0.030707501771673557
0.03769132622666657
0.03751697911322117
0.03195178642682731
0.05861717276275158
0.03728414710921546
0.015912315646807354
0.027076057975366715
0.03147638262547553
0.035020982132852076
0.032606890062242745
0.03551254484429956
0.028542981643974782
0.029430303063243627
0.03309265082776546
0.02933547504767775
0.03287920093722642
0.028426216368004676
0.03690371922850609
0.033783768633008006
0.02888701803833246
0.03295822732411325
0.028328705032542346
0.029115482575818898
0.034810451865196226
0.03057103580646217
0.03273948977686584
0.03732464477916559
0.030136171812564134
0.026900071471557024
0.03583829493261874
0.032842814350128174
0.03190393011830747
0.029298578423634165
0.038761746743693946
0.029051717534282453
0.02834881012067199
0.03633515849076212
0.02711784597672522
0.019988561603054407
0.02991254600659013
0.031954835192859174
0.03601832445462545
0.03519746336042881
0.03661265154927969
0.03511098338142037
0.025373368062451482
0.03193712183795869
0.028387299347296356
0.030452234619110827
0.03162669750936329
0.030847812569886442
0.03294849345758557
0.028520098724588758
0.03348149952366948
0.037831415488943455
0.035204499178752305
0.03320373708046973
0.035080881345017655
0.03982228875569999
0.03405880439691246
0.0372926249884069
0.03503354877531528
0.030976399441808463
0.03344335617087782
0.0583137908771634
0.032669659977033735
0.04385536882691085
0.03522311957515775
0.02234041231851547
0.03381014779880643
0.020022409721091393
0.02780536986850202
0.04262001568451524
0.03441801562719047
0.03467649143971503
0.03501955857388675
0.03517615768238902
0.03318585875816643
0.036432815919443966
0.032501053352281456
0.03632714208781342
0.03042049500718713
0.03404302138276398
0.03368706045911098
0.029072621358186
0.03831157098934054
0.03638510788939893
0.03522176360823214
0.03649398691058159
0.03376420839726925
0.031660509132966405
0.03327345723621547
0.033787484803423286
0.035093988027423625
0.03936346163849036
0.03594640482105315
0.03657332437671721
0.03386197859942913
0.032998219566047184
0.04082248402208509
0.031984636105224486
0.03735363865382969
0.04174804842285812
0.03505500948876142
0.04244262278257381
0.03469800759404897
0.03700532480552793
0.03440515618138015
0.03989124428406358
0.0355002783998847
0.03338329651728272
0.03482565398402512
0.03487468314953149
0.037080341263860464
0.03705395256765187
0.034563026629760865
0.027178961285389963
0.032836936619484204
0.02918951263390482
0.032709355902671815
0.02562762936843293
0.03593563381715544
0.03860760846100748
0.033294972832500935
0.044032952185099325
0.03951722069094197
0.037389853777363896
0.03877149809338152
0.04030597602687776
0.0317989695312108
0.03852847823351621
0.036911593442037705
0.03643372476994991
0.04333219968212339
0.04274538105546401
0.03953852816410363
0.03740980798293921
0.0386032094913676
0.038344107006573015
0.038508304595947264
0.03780134440269522
0.03715390001391543
0.0353046194311752
0.03445175346702036
0.03835384564177281
0.03560779165141285
0.040399410870671275
0.03349144852794707
0.03813935462558685
0.035798206421360376
0.03879800312094051
0.0341538875516918
0.04226303667403185
0.04088058057917308
0.036855285118147736
0.060702786575226736
0.040366516295624405
0.023974550067136686
0.03147473921626807
0.03651226127818227
0.0340333364054095
0.03976888467632234
0.03046904312856496
0.025593802543460494
0.017589202977716923
0.02827727310056256
0.03097823795059632
0.034844166239102685
0.045431438139826065
0.04361915700696409
0.03841774000854869
0.04126222544634829
0.04175070906782316
0.03394768618163653
0.028296523968247986
0.026195771336555485
0.04953711952827871
0.034428657392039895
0.03844753383456365
0.042649176729486336
0.05046330451965332
0.04821663079353479
0.04001638122089207
0.038787919185547665
0.037891437638923525
0.0437325894922018
0.03479559923763628
0.035774471388198434
0.0405724873129617
0.04096418076023763
0.0389489479130134
0.037395974380895494
0.04666981006594929
0.0409938017417913
0.03919280275935307
0.037675345337510796
0.02579426950546073
0.039428994669155636
0.03801360699087382
0.03284742659069598
0.035569041669368744
0.036004792297258975
0.0349438871057438
0.036464258499109926
0.04096608178392053
0.03854937955401838
0.034161248861346395
0.03783670485981049
0.029407730213262966
0.038872321102768184
0.04641836359934962
0.050405965449336246
0.0399231567807697
0.04306319203759943
0.03971218124148436
0.04240518931262195
0.04349264982129846
0.03312130719009373
0.0449288224639452
0.03946072949717442
0.03977253066426194
0.03810067573600278
0.04215918935484746
0.03492378024874549
0.043537499744524345
0.03999406717717647
0.045806227857246994
0.04117716503554377
0.04394564513801311
0.04223024485241852
0.04361767701006362
0.043819702886311075
0.04300201232372611
0.042089308202266695
0.04492882002431613
0.04186196825213053
0.04009377529758673
0.039218762142956255
0.041574081735064584
0.04332758845002563
0.03946527509750532
0.050046642683446406
0.04845813209457057
0.03912049613632262
0.04139056459288387
0.04195920473973577
0.036391331482678646
0.044751153758002656
0.03441445205211639
0.04522856727348907
0.040604993731371664
0.04168783169139076
0.04261984632660945
0.042463107373226776
0.04895167175288263
0.03843953616146384
0.037761525089359455
0.043855687055736774
0.046968652423293816
0.03619627440849749
0.03921017984976061
0.049632401295727296
0.04334592593102893
0.05116825036406517
0.042483962420679505
0.03961742864253948
0.04200355587005616
0.030223682766754027
0.03284753463907193
0.03696223748939447
0.036133140966656714
0.037457362266878284
0.03212771102895632
0.03692995425630757
0.03407216088782097
0.03725563978478313
0.041311163159998804
0.04227524643314296
0.04027452254531587
0.042076746147385866
0.04217174725122749
0.039306338047236204
0.040400477489456535
0.0408188699531119
0.02659924104101956
0.04312836711544816
0.0411699367120862
0.03849541521386096
0.038999373629116096
0.03628574795497116
0.04218136950262955
0.04346377429337456
0.0478972020012637
0.03557900376315858
0.036711794912442565
0.040867488446335
0.025508992002904414
0.03965571839747758
0.03784278034658755
0.04308999054804444
0.04320947735981886
0.044109353404995555
0.046834076109987036
0.04262852932955768
0.03943191609135078
0.04809831213368022
0.040277089798315006
0.04025451901984417
0.041675739166140556
0.040270465821959076
0.04055201731622219
0.04312078539729118
0.03818590386658907
0.04711083613129126
0.0379400514739175
0.0365567388130646
0.038374794211400595
0.04059121698269556
0.03745852668196536
0.04189287100336515
0.041125089762817056
0.037972960772699314
0.037261537299491464
0.030128784397473702
0.051246422273025186
0.033799305834497015
0.03627124254934882
0.04065127679812057
0.043058936290604914
0.059245984901745735
0.04468142270198408
0.03881541910636074
0.058691378389559096
0.03643304776865989
0.044301178038853105
0.038827781648590014
0.04189392981082201
0.04508061733096838
0.046075419245660304
0.03956887547376341
0.039200617598369715
0.045162892861084804
0.040664200062677264
0.045192791006859696
0.0430594980109483
0.04448688411563635
0.04224348422061456
0.04723869485145106
0.04314640640371269
0.06865243347154723
0.027363446226716038
0.03742229764975274
0.037754909149668316
0.04862863544243992
0.040655676803536836
0.03802482454106212
0.03781704014692551
0.034873633559793234
0.04007423039451242
0.040792900642007586
0.04486062791709807
0.041394200869277115
0.04231718836866062
0.03926064983904362
0.04633182974042077
0.043760021199350775
0.03755029890909791
0.04557736383052543
0.03826514643104747
0.03519075688123703
0.05005854864604771
0.04046978470347822
0.03796738829682855
0.04837316164001823
0.038069606861617006
0.04053539658598602
0.038629957829677576
0.04781824499815702
0.04360120654466652
0.041670863618701696
0.043425083077839904
0.04035271484330297
0.043997600801063304
0.04315634418725967
0.04761153432385375
0.041455599187562864
0.04117593547292054
0.04447092508412897
0.04190658577717841
0.03966704951317022
0.041195926451683046
0.04273353614807129
0.040926080415682756
0.0478971800475847
0.04235109432563186
0.04366450893655419
0.04030982730127871
0.04019436699045556
0.03996161896623671
0.03817216268165949
0.04460606738377143
0.03569307065196335
0.042608369137805246
0.03738102655101946
0.03771823624702724
0.04239421292766929
0.03917330777619119
0.04240635448558763
0.04144668331440491
0.04270724330195471
0.035787481914088135
0.043877564295423485
0.04361462161102346
0.039772557904198765
0.03671941805742681
0.04235513331469249
0.04506598957898942
0.04330343039155426
0.035657142905145885
0.044849773006553344
0.03633845575464269
0.04066296413734361
0.04138421880560262
0.03926810215529002
0.038575353337824345
0.033663615668937566
0.038734428906633
0.04647904994035209
0.05007314631952481
0.04889921185338781
0.037373785693578576
0.04041357683839016
0.05054379320210394
0.03796036797265212
0.058913342520993735
0.04430494936781802
0.04230483014136553
0.04481480031473828
0.037375784661424785
0.037600097667425864
0.03052132349031476
0.03752423309162259
0.04363519787527621
0.04501181566119194
0.0415790753364563
0.04235469985563232
0.043247512575677216
0.045118296158409885
0.04562505198885565
0.04483075808295432
0.034702382511858434
0.04446701531891118
0.03633956868760288
0.04499298776015639
0.041279322187602524
0.04498854429905231
0.04504146166708927
0.04242668174169958
0.04865647342056036
0.04565563020961625
0.051321276882290844
0.041446488538756966
0.04058710684962571
0.039069870004430414
0.038344878147849266
0.040147408993914724
0.046528624705970294
0.04110067067820517
0.044054318722041824
0.050287788509037985
0.04058814700655639
0.042564400827475625
0.041021303664520385
0.041017626395076515
0.04378250289369713
0.043703764881566166
0.044129436642862854
0.04030622085519135
0.03654960663523525
0.03902275621816516
0.03427354355545148
0.03738671491518617
0.03580538264230678
0.04172563409840223
0.03835918382264492
0.03788575104054283
0.035068034449448955
0.04419776903931052
0.037897742468525064
0.03408054788175919
0.04171172800816988
0.046540886232698406
0.03467393910911466
0.038065097224269366
0.040359431501568815
0.03839422992035999
0.04368548164069653
0.046951103751780465
0.04634320802055299
0.041084503400325774
0.04841825173747155
0.04660640038069217
0.043889019055800005
0.039225832777470354
0.04276021691930035
0.042703208456315644
0.0433114123551382
0.04716558407314799
0.0349371198422852
0.04759125764432706
0.044336431891872335
0.03924999390825115
0.04003990010544658
0.0395002700611949
0.04056118863470414
0.042253690294369504
0.04202873470932245
0.045242267668247224
0.04449837845539854
0.03581141896259326
0.041512389933424335
0.045687168793696345
0.05056303491195043
0.021097859822861526
0.04643945438006232
0.04322996650994928
0.04470257067285916
0.043990300493497475
0.04787925239652395
0.04060266398150345
0.04062955760280602
0.04061337765539065
0.04713830427222308
0.05053277055804546
0.04462457342097511
0.03836638526655734
0.033203124176943676
0.05227726306565988
0.03592236813587638
0.047992307178103
0.03078068577994903
0.03366542893180321
0.03871564873866737
0.03977902068644762
0.04274007897372499
0.0409097772879018
0.0351277265522629
0.046843354339124975
0.04119531351183333
0.03764496887979262
0.03978288998910741
0.03621294908742938
0.05430206589187895
0.03545431558214701
0.07318054827264486
0.04735542173282458
0.03264093239605427
0.04452002612501383
0.04308353056491756
0.0426884844660759
0.0340138712280563
0.043577949646860355
0.046451567568712764
0.04181974701417817
0.03996943691167338
0.04464981310929243
0.046433571726083755
0.04307465471613866
0.045843328687955036
0.03939355644264392
0.040580891861069585
0.044916591074849875
0.04486454021008242
0.044416265569627286
0.044323561940251326
0.04866974109497208
0.04474958345027907
0.041238680236242914
0.04292389805404804
0.04794751153362018
0.045214387997984884
0.042811149246990685
0.04275181768462062
0.04762664453490921
0.03859507684505755
0.04753193294560468
0.04414031733982265
0.04261769290072353
0.035461314683289905
0.042825009798774356
0.038177153262495996
0.04545366161916819
0.04575279218725104
0.040398689882096016
0.04297925463030961
0.045038667193685586
0.034326869794989334
0.04649130649864674
0.04560666292189405
0.05375227354028646
0.041909194794362004
0.044263183776703144
0.04734551303982735
0.04137888571172953
0.048958119174296204
0.041638400390023186
0.04671962912082672
0.0451043532721021
0.05220452801364919
0.04817278659902513
0.045173043571412566
0.03375889540508841
0.032468464865334445
0.038262670898408284
0.03960118957766981
0.041022979573443016
0.04103578090407821
0.03068415956778659
0.04164751201166191
0.033035535887676354
0.03746966114866414
0.032454312309259326
0.03609291920136359
0.04210113742890266
0.042108208192512396
0.033854857669344963
0.03915447686671042
0.04337169876431718
0.03765020678052679
0.046424806902283115
0.041199908885908756
0.044034598559579426
0.043324026200920344
0.047353544679603406
0.03989437195214819
0.044083114499226216
0.0442046574233421
0.046086704072288494
0.044057722382924776
0.045696853438303583
0.0490883964424332
0.05065017066895962
0.051618438330478966
0.047151377441154586
0.04601098810721721
0.03951094425859906
0.05473603494465351
0.0471009244939143
0.05074306695084823
0.031276846405817196
0.043974217337866627
0.04018369237041992
0.04878460057079792
0.040434096577680774
0.044380675511434674
0.0426114794306266
0.046187307918444276
0.046833863905207676
0.04023090351049019
0.04320268754085357
0.042260073194901146
0.040879766829311846
0.03890922788749723
0.039938762060513625
0.04046878131511419
0.03900254389892022
0.0410963830716908
0.03989257459683965
0.04348287557251752
0.040840750333360015
0.04017488037842133
0.04293137241154909
0.038736494277086524
0.044415263235569
0.041378611796591656
0.039678153733294155
0.03012433177816707
0.04312162091831366
0.04077016347780442
0.04816135660243722
0.03616402554241094
0.049373534843325614
0.05140765085816383
0.04703387740871002
0.04614012781530619
0.04644286403289208
0.04408084700504939
0.0460509971848556
0.04557415228423684
0.045407573887705804
0.04212363332961545
0.052335042944725824
0.04066580055345749
0.04283392911311239
0.04957207412842442
0.04085006317744652
0.0457421044615053
0.04413824207304667
0.03957545559651948
0.0419669066897283
0.05572299472987652
0.0403195355409706
0.04443666086955504
0.04058421482997281
0.046872161230758616
0.04511867525676886
0.043012876322285995
0.04235909748201569
0.04526515600635954
0.043191968289869175
0.043426408498060134
0.05188061569172602
0.05338782852364553
0.04268466280065477
0.04034293587117092
0.042797302192984485
0.04869900547111264
0.04010069066877751
0.04907401303123487
0.04143647445516812
0.04774990792716703
0.03511148037145967
0.05001173036233071
0.0419089803720514
0.04901725552170663
0.05069217090761023
0.04228253367843468
0.043468846806458065
0.04288186393773709
0.051811762679248086
0.04024790563418166
0.039145748191823565
0.038156254599491755
0.038024378681277976
0.04026910839881748
0.04476446913455122
0.04208842502825934
0.0383224632934128
0.036070120507851244
0.02111301675438881
0.04064974718798812
0.04562775944806635
0.041452951984929626
0.03926656340658665
0.04430132984324838
0.04468115189559757
0.04046473780879751
0.04267627705748265
0.04168042269177162
0.046312009772779994
0.038177210468538975
0.04421985868946649
0.05025203206796538
0.040045956482070606
0.04260985501259565
0.04451109546152028
0.04276461751103915
0.042242496772318755
0.04175966508462128
0.04564983992240368
0.044326723692566156
0.03940551378692572
0.051883284812388214
0.046726672644061704
0.0447046032633919
0.040937529865768735
0.035007835410535336
0.0496930672476689
0.0402282939478755
0.04394833689779043
0.04403289119068247
0.04409278897628669
0.04722032319897643
0.044159517016099846
0.045032422432433
0.04269162193635258
0.03786946435251998
0.0441535935267806
0.040475960036785136
0.045238547241208196
0.03766037473380566
0.05038930056616664
0.04427338529274696
0.037900693505231675
0.03698019421393318
0.04398402386531235
0.03983959137648344
0.040508529346536946
0.04272401043660938
0.0391752329159528
0.042785484028627745
0.04072447247972543
0.03878503111191094
0.037225596628644886
0.03793957682533397
0.04357884569634353
0.03521427133662063
0.03847598083184234
0.04449606727612646
0.04084557470413191
0.04033242745169749
0.0432393357552588
0.04687249544042128
0.042967459950596094
0.04227934935800731
0.038273182121664286
0.044832853430942184
0.043301216142647196
0.046893436581857746
0.04070876180051038
0.04266989915381844
0.04271613526254379
0.04491681578204684
0.044011902059242124
0.04673801773997104
0.04055468791474899
0.04293317595124245
0.03286457870862094
0.041066979178124005
0.042425401041905085
0.04411345186876133
0.04259958990320966
0.041392057018749644
0.04086462372541428
0.038278536891697766
0.043138042287528516
0.04161449065002111
0.039947541662576525
0.04219531721621752
0.04563979736480274
0.026364841837632026
0.04311004080156337
0.04162025094596725
0.039864670652896166
0.04386555840515278
0.041689665830310654
0.03856010265049658
0.04456161215041692
0.042788092977582265
0.04338642607132594
0.04462534143456391
0.04262509784519167
0.040567960265007884
0.040502497204020625
0.05024603461580617
0.04719453906783691
0.05231289379298687
0.050103997066617015
0.045853869846233956
0.043753218088547395
0.042858534905145754
0.04327920037545264
0.045345258395746345
0.041892720159848
0.05192468793171903
0.04011325491077088
0.04421787830956635
0.05439306073822081
0.0442504518750039
0.05130885239867937
0.04745500445689844
0.04683813712624616
0.04488529854095899
0.046755569963529704
0.044776391157020735
0.043831408071350685
0.04472446635267452
0.044374698712304234
0.043714707321301095
0.04479501062665473
0.04484595107138157
0.04432647942379117
0.04381556750722229
0.04169016799144447
0.04422702245037013
0.04548487915880978
0.042473998733237386
0.041274844939782195
0.043817355588451026
0.0430994898032397
0.044971244649754626
0.04771437169983983
0.041673305775397095
0.04530589359088077
0.04851124411367852
0.04295407016261628
0.044572318794534486
0.04969471623189747
0.046516785451617
0.042734202973189805
0.036202967838832624
0.03816015805918396
0.0494617558169094
0.05406560450792312
0.04558926958319815
0.04830950563773513
0.04221787019255194
0.047645396419933865
0.04654518315530553
0.045039547111552496
0.04154399471831018
0.039634964757909376
0.04003814810141921
0.0492960822734016
0.048395970768136225
0.04317832706817265
0.06384347675851097
0.04008134673800199
0.04459769096491592
0.04074780116621099
0.05178130539539068
0.044541852328926324
0.04324108485528763
0.045565517752396846
0.04341833507381379
0.04666727383692677
0.04915631843023002
0.04480709469169378
0.04804514482617378
0.04181926706367556
0.04054659745345513
0.04915220648399554
0.048027033153921365
0.045577892840281124
0.045168906788834756
0.0428039734588275
0.04690151818407078
0.03844315386405497
0.04041896747348652
0.048593283656777606
0.04596849452990752
0.040087643738749415
0.04476919366333347
