0.05997398619850477
0.04742554295808077
0.02495032227784395
0.03779158797647272
0.05028056030161679
0.053555711305567195
0.0243650566113572
0.03483286185299649
0.04905727027604977
0.023727869393632695
0.029193357269872322
0.026038390501505797
0.01889200350476636
0.033802272031704585
0.03459662919243177
0.040379974991083145
0.030332621015608314
0.025330048351149475
0.051605009188254676
0.0410868428212901
0.04153640582185725
0.04384518324425726
0.02334589798282832
0.037403297144919634
0.06545709992448488
0.025075466696820835
0.021559317811931437
0.03939391362170378
0.04140947442315519
0.028319002403405267
0.01638911445811391
0.029559195583724246
0.0186034194957465
0.029611716667811077
0.032548841552601925
0.019275782875440742
0.0537045684342201
0.02923186612837016
0.033786460875055276
0.05290599832104312
0.03501484860976537
0.026308868359270935
0.04440892880263387
0.055408392722407974
0.019307942249253394
0.027921000897884372
0.035405535654675566
0.02968430198729038
0.027454057488176555
0.040194193832576275
0.03374540189171539
0.04510575749445707
0.04122004718985409
0.051745735108852386
0.041992495675449784
0.029021729854121804
0.017507616537809374
0.022583801317960023
0.04015673771500587
0.038478117587251795
0.03131811741916907
0.03842000779509545
0.029490249455678016
0.025800819818462647
0.02482443644990062
0.03164625375519196
0.052904448471963406
0.04790530679747462
0.037296235982109516
0.015625589287303614
0.02533575565108787
0.017828152230475097
0.0214419408544898
0.017784027040004733
0.027243730324879287
0.017794162945076825
0.023805676419660443
0.019103611760586503
0.021259043535962703
0.025999638667702676
0.016088779805973175
0.03222332590334118
0.024947636087735495
0.019373377706855533
0.030051231006806605
0.03452016911370323
0.03821728752851486
0.018368714518472554
0.03328288075327873
0.022884174847664935
0.020294431933015583
0.017873697797581557
0.019013297310099007
0.019157932530343535
0.017282531466335058
0.019320586378872396
0.0325342431954693
0.018329432339982153
0.028922466090694064
0.022131630220636724
0.027061459526419637
0.015594766636565328
0.02272837649434805
0.02111293000020086
0.01874589108899236
0.024292602771520608
0.017584788955748082
0.025555646830797193
0.030151417209208012
0.017184637852385644
0.029428160523623223
0.022320538037642838
0.03290315999761224
0.024714222374930976
0.021837675963342195
0.021659058781340716
0.020783631263673302
0.023208491620208535
0.02297895012779182
0.022170369277149434
0.025870859598533972
0.024811193860694764
0.02593650928288698
0.028145235524699094
0.0205049715615809
0.02795157455462725
0.025951754142238635
0.023684249937906864
0.0227029093593359
0.02344734797179699
0.024460447806119917
0.021332974969595672
0.02584315945133567
0.01897983311265707
0.026241781592369076
0.023217945230752227
0.024496701743826267
0.024268043095991017
0.021133857868984345
0.02561315041445196
0.019108413265272975
0.024349909324198962
0.027730214134231206
0.026011245238408445
0.017090324657782915
0.025459023310989145
0.026091346917673945
0.02551128110513091
0.029323652659356596
0.02830316239744425
0.024956040719896558
0.02865857960693538
0.028855439964681862
0.03166031075417996
0.021728119365498424
0.0245752210713923
0.026499391305819152
0.02986818347834051
0.030449020278826355
0.026054586159810426
0.030124940809607502
0.018796592021360994
0.025818832452595232
0.027799415780976413
0.021509663122892375
0.02792395139001309
0.03168834797665477
0.026854429268091923
0.03010965113900602
0.017322984038665893
0.020437766597419974
0.025787761214002964
0.019618792483955625
0.02279839677736162
0.0169979797477846
0.01613542453153059
0.013032027538493276
0.012086745684593916
0.018325829746485767
0.0124883761420846
0.01609483547136188
0.012936444082483648
0.01844909712462358
0.016357981237582864
0.019004240272333845
0.01326977517679334
0.013065640339627862
0.014043982614204288
0.016023869594186547
0.01309827838353813
0.01699395985491574
0.014192816636711363
0.013814985202997924
0.013319228495284916
0.013057666655629876
0.012401540347933771
0.012970918746292592
0.012531157078593971
0.011801330819353462
0.012510165305808188
0.01333924417793751
0.02223668941296637
0.02450585560873151
0.014225036923587325
0.013122975662723184
0.023333135737478736
0.012411021847650408
0.012281898579001426
0.013360055232793093
0.014028181527182462
0.012305491980165242
0.015620989890769129
0.013873052713274957
0.012520608628168704
0.014232853282243014
0.017766539911180733
0.013003648185729981
0.012982869329303504
0.023344073701649908
0.013393798656016588
0.012914015704765918
0.02448179118409753
0.012568651828169823
0.018180154486373067
0.015419274586439134
0.01839411138482392
0.015137462616339328
0.012846778251603247
0.01645357035174966
0.016196374418586495
0.01725085331425071
0.015974064877256756
0.027633493945747614
0.021144933436438435
0.013111791438236833
0.01881507614552975
0.019499020623043182
0.01775718123652041
0.014957089629396798
0.01995376928448677
0.011745351647585629
0.019504500507935882
0.0298166961826384
0.014187979300692679
0.02070796886123717
0.03226880471296609
0.014730787208676339
0.016944075062870982
0.01479325629025698
0.015347961428016426
0.02552888498790562
0.029880510788038377
0.017011340623721484
0.014234827446192503
0.027633470145240428
0.02528364705443382
0.027354543985798955
0.027140549490600824
0.032702451274464174
0.015421969475597146
0.02091433512791991
0.027814632236957553
0.023597250272568905
0.032594740542024374
0.02375139452069998
0.027882950509942717
0.02031939137503504
0.021885364067927
0.025226221600547428
0.017216876954212788
0.014292742772027854
0.027504635379102426
0.02063845215402543
0.032528757936879996
0.02575508057028055
0.03601005484070629
0.02635597960278392
0.02901912843510508
0.03135239136760078
0.02892494539432227
0.031119331974163653
0.021795521470531824
0.033329456812515854
0.032837840731814505
0.02524885998815298
0.027979899821057915
0.03211159223020076
0.025819784578680994
0.03770093028917909
0.019895464203134185
0.02840649069212377
0.027256914064288137
0.02615791268646717
0.021924429455772044
0.036781551529094576
0.02707030400559306
0.020396758872643108
0.050128073491156104
0.04748238773867488
0.023735520009696486
0.02651026823036373
0.015877574580535295
0.01639539209343493
0.030735789498314264
0.029420931774750348
0.01573857526741922
0.016379771886393432
0.017251548352465035
0.03178596112579107
0.017681702776625754
0.02148746144324541
0.033979448780883104
0.02053126116357744
0.029154648846563175
0.017287592707946896
0.03076272161579446
0.016575369796050444
0.04286560379069399
0.03211025369428098
0.01976561104357243
0.032277079359736546
0.018494307563826442
0.028230158969014884
0.03085768659487366
0.02526524723470211
0.028701119333829572
0.017310662148520353
0.03016031973287463
0.019811959223449235
0.021042544872313735
0.01952902273759246
0.027052790274814012
0.03239264990687371
0.02088173030093312
0.022667927796766154
0.028646040678608653
0.022230186341330407
0.03356725261695683
0.03245414169095456
0.028239715074200224
0.025170988623052833
0.018913236818462614
0.028879380591213706
0.02924059048555791
0.03308166842497886
0.018707685686647893
0.03701661439426244
0.029669059848040344
0.028605330553650853
0.022084202979877593
0.036610589568316934
0.03028689401708544
0.03465093267709017
0.030683967755362397
0.03669046054333449
0.02535915694199502
0.02812610868811608
0.033562827390432357
0.023501530072838065
0.01495220577940345
0.03057968771706025
0.03166618870943785
0.034408415412530306
0.02652347272746265
0.034192097200080755
0.05549172436197599
0.029442321259900924
0.029580067575350408
0.031013216499984262
0.03726248487308621
0.03369336512982845
0.03446160251833499
0.033327810069173576
0.03316159239821136
0.02402937488257885
0.03613105076029897
0.03312771903946996
0.03871378663666546
0.03582698849510206
0.06394620736440022
0.04269590493701399
0.033161532149091365
0.029834785904362802
0.0383699427627027
0.035241457552835344
0.03400400809344969
0.03965803484134376
0.035217363607510925
0.043040833730664516
0.03690102496023835
0.037005752070147675
0.03381240263203348
0.03592179498508757
0.0335254994738847
0.037957574863731865
0.03508810147274654
0.03496993879713118
0.03654614962132301
0.03898032465257815
0.034453492296114566
0.03364485496543348
0.03890656851902605
0.030428835287578962
0.03746126627403029
0.03680805745438255
0.03266677460400388
0.03304946157038212
0.03641816336262439
0.03524618196189404
0.03383546671271324
0.03566060218132205
0.034956239863857624
0.036530716308951376
0.0278388870962792
0.037406537955419886
0.03771549870893359
0.030187089175090828
0.035109952983260154
0.041496645766668595
0.03251021448394348
0.03157816833919949
0.03884826657734811
0.03656676396342187
0.03634102029874921
0.039212319089816164
0.03850075036212802
0.03986891658778521
0.034205612727999685
0.03267863081693649
0.041349811221501144
0.03820481200404466
0.03944948663450777
0.04061178953573107
0.03967170865684747
0.03601175265803057
0.04068968671783804
0.035638901176303625
0.03622764529458977
0.04292483852691948
0.03469474004730582
0.023812868753258064
0.034459931132197384
0.026275304066389796
0.03244294066056609
0.012781731375679374
0.026908123755925585
0.027899915178492666
0.029099386398990953
0.02733477859944105
0.013470183763280512
0.028077650559243075
0.02733803689479828
0.03583959224745631
0.028647747879581794
0.030522639035897435
0.03104343208550875
0.028626958453761682
0.014764593503996731
0.01558119764626026
0.031142453538626436
0.0407485277335281
0.03211566926315426
0.03648283785693857
0.03991802510524553
0.034845357415576775
0.039132716337316915
0.04126895790603363
0.04240100702545682
0.04193183473236859
0.03984035868845556
0.03966904527023435
0.03575715189725161
0.03555592464435161
0.037680274934321634
0.032178958960546136
0.034634386198222636
0.029039464905858042
0.03689342846535146
0.0387232915300763
0.03074244057410397
0.035067252687045504
0.03201948089562356
0.01273805056512356
0.04406471749742826
0.04423469903394579
0.040495245870710773
0.04236740988902747
0.04458625296801328
0.04455700631216168
0.03926189194172621
0.03742169993370771
0.0431838393535465
0.036165159545838835
0.035042093611040784
0.03519403952285647
0.03467070252531105
0.040768975156173115
0.04070819789506495
0.03408127177855932
0.02848792100548744
0.040167164670276465
0.03221834014914929
0.039484649888798594
0.04257311443760991
0.042887402985583654
0.03841409844495356
0.045338783929667746
0.044626158308002005
0.03864200707819117
0.041166603939607735
0.04491344437003136
0.043607236533818476
0.03758830968523398
0.04675612916824994
0.043968424312397836
0.04091378662921488
0.03899621863290667
0.03950351874753833
0.03827120309174061
0.03822508694282894
0.038889397475123405
0.036626621699450836
0.04027723376117647
0.04506306778602302
0.043596633318439125
0.03879741894110801
0.03767684677280486
0.03655553857733806
0.03789900625720621
0.046050430615246295
0.04037031390443444
0.04083626550808549
0.03852358990410964
0.03219512686431408
0.03489114662483335
0.02916996041275561
0.04370216111975665
0.027526828884333377
0.03680223894785894
0.0365517305009067
0.03599832209292799
0.02386732658520341
0.030233983835577963
0.03464493724629283
0.036524712056085304
0.03147589706704021
0.04126898655745511
0.048199877211370985
0.028725809901580215
0.04759590746834874
0.0372715964181156
0.031023339180275798
0.0394977099156898
0.03802742824215313
0.03777476830718418
0.0356515934978482
0.038306374845281245
0.03583080022968352
0.03537405186482975
0.04439483654660148
0.05153030223057916
0.04237999604083598
0.019802628836408258
0.037757994206340025
0.033618825160712004
0.04453681756481528
0.04124692613445222
0.04344822474622301
0.04530250750705599
0.04007385668084026
0.04549554750944177
0.03956476801708341
0.04175866957232357
0.04610355232695216
0.039728400692716236
0.04498607854582369
0.044842960075289005
0.03958359476849437
0.04450131369978189
0.046891205671429625
0.04264430411793292
0.04127554592862725
0.042979333567991856
0.041781238636001944
0.04408687109725093
0.04838399481028319
0.03833540294729173
0.04031623316667974
0.0417226987283896
0.039700243102759124
0.041040786188283954
0.042820150102302425
0.04974137565344572
0.03995672310814261
0.03710580380745232
0.019449895387515424
0.03719680640473962
0.04339059496086768
0.03142669393979013
0.03345611841678619
0.03379678825773299
0.03979920297279022
0.039351893127709626
0.040834327572038476
0.041287248455733054
0.0417519331280142
0.03834865151382983
0.04607514041922986
0.04443747336491942
0.03909357249215245
0.04111897563040257
0.04508865567143349
0.04796892020114979
0.039228163666244764
0.043449927633362154
0.04564573172219097
0.0426197965208441
0.04294618391761413
0.041420952985063195
0.04188417725935579
0.05075155969671905
0.04611919216252863
0.033016204501111666
0.034975190677493814
0.01804772168211639
0.03458100021034479
0.042701316847652195
0.03729562663946485
0.03895080443434041
0.03453786552473903
0.05347533772566489
0.02950113210361451
0.03792624399699271
0.041415487755462534
0.03912726199626923
0.045491318795164784
0.016884191361442213
0.04183382732756436
0.03553561244681478
0.0441108851429075
0.04667337798699736
0.04073847855180501
0.043647479694336654
0.04099875489038597
0.03995664076833054
0.042498515675961974
0.04352792871184647
0.04002661504298448
0.03957033089064062
0.04555926915065482
0.038306201238072275
0.041510450087487695
0.04519037310034037
0.03359859341853543
0.043752290762228065
0.040089182047059344
0.04092322162015641
0.04378213175439409
0.03764094588745918
0.04363185013489177
0.04028728975006092
0.0468396881595254
0.03571732518263161
0.033754123117774724
0.0478800962537527
0.040570631813630464
0.04871761517815811
0.05284186412713358
0.04529043036064616
0.05316598602195284
0.042928987039591776
0.046728411891128654
0.05044556816332042
0.04926369010724805
0.04875748610347509
0.04856517226435244
0.041145415572035646
0.0407990498666962
0.045344465719360225
0.04156385612097525
0.04786150912578042
0.03958267718756004
0.04187813345808536
0.04472339705233613
0.03971460462315008
0.0455198145109941
0.044946206877117645
0.05123915341927817
0.04411791910122081
0.03982829489473564
0.039146598783406344
0.04193058371543884
0.039480482111019746
0.03841078085564077
0.05113587651215494
0.033026517863199115
0.04619221895854724
0.034359070604438324
0.03962400878954213
0.04540682729072868
0.05206681452691555
0.07179807094857096
0.04488092877417802
0.04696748460382223
0.0462751375073567
0.04335161751402276
0.049764123239740735
0.0491904609055439
0.051783813140168784
0.047489037033915514
0.04902933903262019
0.045718688146032464
0.04532504763901233
0.04571781691610813
0.04365512018231675
0.049706262671202414
0.042222490100333326
0.04438339917436242
0.0481230013653636
0.049155597318708895
0.050588541817665096
0.04576897419017294
0.04353610765050959
0.047167704532258825
0.046518599235688345
0.04826474443344134
0.043261395139714415
0.04471956121222097
0.046157249563559884
0.04418614881485701
0.046971169807761906
0.04457836349245528
0.044585859483602094
0.04549970816560089
0.046773372085870436
0.04528474104145299
0.04453587283690771
0.04732452841320386
0.04772282587098224
0.038264987667401634
0.04774573513306677
0.03964152075350284
0.046061441790169244
0.04877712688148021
0.050899400915950535
0.04509780975058675
0.05012863211333752
0.04521448115204892
0.046016245421308735
0.0470295657386195
0.04750862445992728
0.043084629875575674
0.04629551069810987
0.047950507540787966
0.048538697979830465
0.04877758633933569
0.0510233554311774
0.047597436911612744
0.04657910210458008
0.0451045845679584
0.052744237473234534
0.053096297112378205
0.036279383661306425
0.04712285981476307
0.04970280755133856
0.047624708988286295
0.05479843728244305
0.04932809660434723
0.04909953296408057
0.04083329834828251
0.03849043186658468
0.04569333568885922
0.04695081889318923
0.048432634791566266
0.047681248341500754
0.05048520275606559
0.04657368573746303
0.04893318632323491
0.05029046361645063
0.05102463255152106
0.0501700933650136
0.05255726758390665
0.04813646007743147
0.03811584517993033
0.04395721218149577
0.028037502062693242
0.035203105596452955
0.03656871184296906
0.020872626720741395
0.02733570173781897
0.021647733349353073
0.04157345392927527
0.03026714407714705
0.033746920391917234
0.03672022020108998
0.049162770770490166
0.049681889601051805
0.048118914291262624
0.0435246873546291
0.048661096640676256
0.04513283489478959
0.05289044073075056
0.05031116889523608
0.049473963603377344
0.05018775745398468
0.04970049983333974
0.04742447299261888
0.054469079803675415
0.04926334507763386
0.0531539603629533
0.049907419767603274
0.05212969572416374
0.048447825759649274
0.042128198351711034
0.03689899388924241
0.04504129372071475
0.047288200186938044
0.04360912092477083
0.04149522478692234
0.03592961902692914
0.047930944238230584
0.04716083119139075
0.049659162352234124
0.04562687617018819
0.04073127181764613
0.03896680441431024
0.037586775512480346
0.04345017873142895
0.0509045906573534
0.04247247411385178
0.03839258843287825
0.04807835444808006
0.05173959225416183
0.051077897660434246
0.050073136687278745
0.04979248405542484
0.0497938066366173
0.04814680264546321
0.04375488286131415
0.04886774551570415
0.047583419657139865
0.04821228948645293
0.046349987548217175
0.05055951719860668
0.043694577912489575
0.045810605380684134
0.04804359274432063
0.048976981081068516
0.04873177940957248
0.04454961144610455
0.04066523287664442
0.045666164357443244
0.05119172858151918
0.04933569559177686
0.04542102059857412
0.04594899232722818
0.04893253349219308
0.044650075915040534
0.04815154017082283
0.049620141293853524
0.05077095681093633
0.044926705536873716
0.0422672082522306
0.05081089307069778
0.04735677017757062
0.04414467534720897
0.04943667056262493
0.05018859072810128
0.045397488670423626
0.04694351740181446
0.04754385939314961
0.045300725386291735
0.03730534985060654
0.03681496287075182
0.03577652673754427
0.04667126554250718
0.04228631823286414
0.04202445818297565
0.04114877484217286
0.040178950959071515
0.044906892785429954
0.05083622930794954
0.05007902832908763
0.05222338342630282
0.04858368935286998
0.045246305748820305
0.049761466355787376
0.05136605494655669
0.0446687581922859
0.04866324144862592
0.04481215859678658
0.05294062012806535
0.048051939280331135
0.03373900783900172
0.04729454496400614
0.038625021974742414
0.04101480597369373
0.048178070396184915
0.0442163889683783
0.050198403680324556
0.04905529920049013
0.04913033783659339
0.05106015425461989
0.04717863898943452
0.05070807889051421
0.047521434497179056
0.04717732555725995
0.05276561821810901
0.04558227481527461
0.04644455779343844
0.05089290797089537
0.03829098391436762
0.046503182702387375
0.04925493206828833
0.04947705681507404
0.01723382806517184
0.048827150422665805
0.05009433295091857
0.04228635448761083
0.044374920523166654
0.04554412157461048
0.0512989709938043
0.048446452436156764
0.05180351393755342
0.04897705465555191
0.04681641855008072
0.04796579948250662
0.04716483695879578
0.05155995757215553
0.049376146124246026
0.04889280477514514
0.04876069083463314
0.047620909135010873
0.048792525145568345
0.05023311652864019
0.04825179050526311
0.04625099462457001
0.045227737266671016
0.049867743442207575
0.04774747068556596
0.04946019047871232
0.05017889736890793
0.047578851359337565
0.050062178618049825
0.04909472046500962
0.049693003237500026
0.05045826426170992
0.04892826963054097
0.047623974414399035
0.050320195244444955
0.050955913776904345
0.0442366470310837
0.03470680838058654
0.05481708521979886
0.04134899788378894
0.041888235831260674
0.036630634564965486
0.03545577732322272
0.033175455163563454
0.03551716685952509
0.04167419089749456
0.047872047328203916
0.04800864036865533
0.046009028246253726
0.04471290129767631
0.048955819829925896
0.03587925313631209
0.033534568903346856
0.04100599361241472
0.0371601238740342
0.041032196927014035
0.0432876169115305
0.038241294210031626
0.04929764531552792
0.045808725524051436
0.05222616984959571
0.05150355168041729
0.05211452575847506
0.05009311214089394
0.050969486268180784
0.05046604542508721
0.04627860099971295
0.04895638924402495
0.051289809734693596
0.04995175712257623
0.04819672351082166
0.04580229831151664
0.04763638335313783
0.04784445910006761
0.04829296995611752
0.04509424997132216
0.047960924313418446
0.04401922660221656
0.0461329175632889
0.048375347570649214
0.047463726459278
0.037916109570488334
0.04070564198456705
0.03585575320646167
0.04833248546868562
0.04950670272298157
0.04823954096287489
0.04033955606557429
0.03980978947281837
0.050672350265085694
0.0493291201673448
0.04290296589210629
0.039745206601545215
0.04400703030787408
0.042582908270135514
0.05283133932612836
0.03713613815791905
0.048114440095424656
0.042880710369596876
0.04523195455678635
0.05009095277637243
0.045675027304887775
0.04701129657526811
0.0512679914633433
0.04697458203313714
0.04581281737509099
0.04975070204792751
0.04671847341316087
0.05019381900831145
0.04629731144057587
0.043367878131063305
0.04985199693106115
0.04614725800272491
0.047869691007460156
0.046771654286421833
0.05234908247590065
0.04135179078552959
0.04795531681864648
0.045428931135311726
0.04827053812264306
0.049154169766604895
0.047977548644319176
0.049948309101164344
0.0465745648343116
0.04423331256769598
0.0456676980804652
0.05100237101463503
0.04630895000621676
0.04688644964761775
0.04960201325870696
0.03889828701256489
0.048732388576662
0.042875177054493514
0.04528846240974963
0.048141686986014245
0.04769691970541465
0.04825749758125867
0.04895396708614296
0.045706603209818564
0.049518703017383814
0.04472899393488963
0.042169397539075684
0.04488935155344421
0.04953508227874961
0.04158871925125519
0.047087315112179104
0.05165944022662712
0.04862266750089706
0.046024557085973875
0.04841422600937741
0.04601120735257863
0.04569909127056599
0.03929759031644574
0.05589029183834791
0.042047373992204665
0.04505956465378404
0.04247338238619267
0.0441867294602096
0.040400602803379294
0.048837505660206074
0.045539080761000515
0.04835966043174267
0.049327224326719134
0.04660018811171705
0.04039359973743558
0.047637666827067736
0.04710422602036725
0.048764680840951556
0.049562799907103175
0.047335294968619636
0.04535761338417177
0.050059294112134674
0.04805089471824467
0.049170460888838516
0.05084073385670781
0.04646056887755791
0.047377520443304726
0.04731162787392372
0.04886738526706512
0.048218495164309504
0.05143504317849874
0.0492200986482203
0.044997307449756635
0.04317403948268829
0.049431605781040465
0.048275864450261
0.05040057845637202
0.04979340170025825
0.049978717570006846
0.049103310958792765
0.05220409678295255
0.0463200799189508
0.05242204915955662
0.0528477947179228
0.04695762663818896
0.052040272629819806
0.05023573171570897
0.05107679482549429
0.05001749990705181
0.05227102795746964
0.04882508580787824
0.048327923567835676
0.04175739472421507
0.052268130228269934
0.04576279069798497
0.052166826262230605
0.05264797755940394
0.049306462475303875
0.05226737738897403
0.03945576677399297
0.048854843060027305
0.04061992439582492
0.04162578679207299
0.05324161153000135
0.05100798435901341
0.044004807801296314
0.051158432785794135
0.0423147059389605
0.050032128020748495
0.05151529228761792
0.049158035923913115
0.04842676376849413
0.04819942659214139
0.050577900356054306
0.051218462846800684
0.046863507479429245
0.04514279818783204
0.04397844154740105
0.05175715684890747
0.04848293585218489
0.047388310996261805
0.047118826416032066
0.04374046734012664
0.04985218896140014
0.047360402531921864
0.04548838425117235
0.04713904355756111
0.046417834218591456
0.0433794733248651
0.042765946755930775
0.04782084950610348
0.0536168667798241
0.047253567471128445
0.04697695104104857
0.042838538391143086
0.049729285433011895
0.04764760188497602
0.05038865956924855
0.04853418354396567
0.050852260386943814
0.04755543848965317
0.04836961255874485
0.05038978660702705
0.047260681946948165
0.05023116343170404
0.050712146481871605
0.04614706796072423
0.04860346473678947
0.052418041341006756
0.04806004952858476
0.052907547913491726
0.0494907233864069
0.04838486186638475
0.04328842648345491
0.04309031680703927
0.04933450612425804
0.04871833942458034
0.05896356254722923
0.04511523960452331
0.04681323340854474
0.039974271044880154
0.049199078837037086
0.048808476100489495
0.043409567652852275
0.04989813039973378
0.04317384805157781
0.042199766760319474
0.05624242202825844
0.04730843847990036
0.047542407733574515
0.05232831598706543
0.047275384226068855
0.050837074178084724
0.049427229396253825
0.04209759443067014
0.03770272303819657
0.06697318060547114
0.046393423873931174
0.053465838578343396
0.05058520002029836
0.045152188427373764
0.045014987292034285
0.040007564267888665
0.05204518044814467
0.04782574370875954
0.051735641341656445
0.03744926218120825
0.0492828659787774
0.049197130596637724
0.052290934803230424
0.046139138320890755
0.05104444082826376
0.04576968052339825
0.052115840893238785
0.050367987658828495
0.05333504069483641
0.04964973083273931
0.04901133762672544
0.050644418951123954
0.0441795075374345
0.04869859736967594
0.051464450018186315
0.048133684290098205
0.05115596249111389
0.0486749044937246
0.05095334014353844
0.05018052288695522
0.04873800344765186
0.04714534828520339
0.04735060856863856
0.05045607878789306
0.05007495219970858
0.048508672317756074
0.04918773461803793
0.04263373442925513
0.05329537685960531
0.04671590387076139
0.04702621741890907
0.04646115080416203
0.04437219096757472
0.04387286878824234
0.044328253587335345
0.04628085366189479
0.04785384830981493
0.05149648694152182
0.05181296963468194
0.05448816375806928
0.05470398724079132
0.04998924355953932
0.05295749461012227
0.050552312955260276
0.0483271349221468
0.05120874630287289
0.04876705576727788
0.04716524691320956
0.04127365943044424
0.049068901017308236
0.047039957308145454
0.044590065880911425
0.04673030810430646
0.04751523729637265
0.051166507447588036
0.05314289157589277
0.05066975256284842
0.050351737377544246
0.05001733672212471
0.0498657930487146
0.04863942012190819
0.05238333383575082
0.04993013689915339
0.048602266090363264
0.04487172954939306
0.047208583003282546
0.04835682737082243
0.05148298745974898
0.04892049254849553
0.04798799953556487
0.044410534346332915
0.049552691450715065
0.04700637948034065
0.047964182848642976
0.04796234239116311
0.045869796751783445
0.04906266754192691
0.04798098532482982
0.053825932240486145
0.05491124469786882
0.053948651163432844
0.051433609926379194
0.050059360917657614
0.051425715158507225
0.05084304793109728
0.049411895341779054
0.05072213155095991
0.05372046250589192
0.05246242415159941
0.055888254065066575
0.049679481784999376
0.0496201507885009
0.04996527385637164
0.05147377808541059
0.049441106402874
0.045774671104177836
0.0393641406737268
0.04304356272369624
0.05242363534867764
0.0511644392132759
0.05259797904863953
0.051387997756153346
0.05217580501437187
0.051466540854424245
0.04631791681270389
0.051126400329917665
0.05316684488207102
0.04380273078791797
0.04973286920318416
0.05258006149282058
0.04970419965684414
0.04443367164805531
0.04374108856283128
0.049519953103736046
0.048972769693604534
0.04860844799764454
0.04900742657706141
0.046229920109673854
