-51.331213
-502.202124
-151.998476
-28.191190
-203.548689
-36.023536
-146.661483
-336.240504
-52.119585
-67.416706
-94.905650
-203.679607
-29.425537
-36.618754
-49.630019
-205.917752
-45.315538
-176.545086
-174.568337
-36.208199
-170.295680
-35.483937
-33.229238
-172.596408
-253.338274
-203.526843
-170.336808
-26.284765
-502.246497
-21.998075
-7.796638
-174.555965
-24.486586
-336.379378
-70.822083
-53.614881
-146.711523
-336.439935
-33.581683
-82.778773
-8.779858
-4.000023
-73.125278
-7.224721
-8.855227
-170.092989
-21.547731
-65.228824
-253.151292
-19.508506
-10.151489
-51.770403
-336.237894
-502.153999
-205.696794
-18.594202
-10.396362
-9.571302
-52.865258
-34.765275
-35.958845
-18.961655
-19.498219
-7.553631
-7.418910
-8.673019
-1000.000000
-40.907595
-8.887524
-4.935776
-8.915604
-10.554166
-6.723056
-7.158764
-7.983325
-4.864899
-6.549213
-7.500399
-4.272810
-11.051535
-8.795488
-7.431163
-6.858923
-336.091507
-10.718721
-9.707999
-336.132959
-5.727694
-10.226148
-8.991128
-11.237476
-9.384626
-21.024205
-40.510978
-23.585246
-9.901746
-27.883330
-26.396761
-22.479509
-24.664524
-28.779922
-61.746589
-30.001924
-5.240621
-7.048515
-9.003633
-6.424660
-6.694629
-50.837782
-5.940448
-6.530939
-9.277470
-5.287900
-24.116921
-20.416036
-15.076640
-4.001310
-8.235841
-6.700847
-20.569374
-22.857073
-7.843826
-146.515350
-8.180529
-12.662743
-21.215912
-9.740855
-7.240096
-6.445109
-11.136759
-21.655273
-7.981897
-8.266544
-7.098698
-7.559382
-6.533211
-5.624609
-5.623153
-11.954119
-6.167883
-10.791568
-19.522144
-7.196637
-7.870083
-7.728943
-8.852817
-8.893067
-6.381017
-7.421235
-8.251312
-8.018443
-6.574707
-6.161218
-8.412065
-6.247017
-8.789427
-7.425666
-9.232558
-20.181164
-8.985689
-7.297513
-6.169861
-8.045993
-7.080322
-8.749945
-8.995313
-7.938408
-8.891728
-8.230186
-7.705456
-8.915453
-5.783514
-8.089079
-10.257346
-8.991506
-10.745889
-9.851814
-8.523246
-5.629064
-16.325916
-8.618221
-12.390172
-8.498247
-8.815787
-6.612259
-7.461258
-9.061645
-9.058733
-7.399673
-9.922756
-8.235734
-7.774505
-9.875535
-7.827231
-6.892377
-7.104121
-6.791605
-7.691411
-9.321088
-7.919477
-8.379948
-7.989598
-5.847254
-6.886835
-7.299800
-6.922933
-7.723918
-6.753017
-8.740808
-5.608078
-6.791310
-7.202244
-8.319224
-7.672719
-5.999876
-4.030628
-7.195295
-5.831249
-5.573336
-8.628947
-9.022400
-8.029071
-6.246914
-6.201776
-6.757680
-5.960776
-6.109583
-12.485555
-6.541387
-8.496140
-7.053100
-5.710671
-5.959333
-7.776096
-8.414020
-8.033996
-9.363015
-8.242443
-7.559402
-8.711981
-7.337966
-8.025686
-8.206059
-6.955867
-7.180928
-7.700401
-6.679458
-6.777354
-6.201533
-7.829676
-5.729320
-7.453909
-9.073080
-5.838310
-6.978204
-6.962374
-9.894008
-6.205904
-6.272263
-5.844548
-8.918518
-9.464724
-6.459407
-7.718406
-8.844757
-5.860792
-6.069914
-5.652928
-5.968517
-5.313927
-7.479881
-6.958411
-7.932380
-6.385958
-8.168147
-9.963363
-11.349287
-10.769105
-6.959239
-5.859125
-7.591820
-7.378142
-6.295182
-6.508257
-7.203533
-6.604875
-4.749747
-6.893055
-5.288968
-7.767583
-6.495298
-8.035960
-6.848278
-7.627162
-6.006875
-7.296599
-6.091136
-6.984746
-4.578875
-5.456307
-5.261453
-7.121953
-7.196669
-4.819230
-5.585162
-5.627468
-4.408499
-6.376698
-5.018011
-5.951017
-5.386554
-5.575116
-7.202708
-4.925841
-5.687591
-5.941976
-5.916037
-5.599304
-6.686902
-5.885600
-5.338432
-5.769400
-4.646381
-5.886390
-5.472771
-4.672537
-7.619125
-4.654091
-4.665583
-5.880935
-4.765472
-5.514355
-6.079907
-4.944458
-5.663493
-5.865595
-5.159578
-5.548605
-5.250425
-4.269456
-4.072078
-5.643358
-5.609307
-4.349839
-4.714667
-5.601239
-6.504536
-6.098394
-8.923154
-5.141562
-6.568709
-6.123380
-6.231722
-5.073799
-4.338234
-5.168618
-4.204353
-4.815790
-4.769015
-4.830558
-4.348907
-4.845953
-5.332890
-6.287269
-5.644165
-5.704855
-5.016090
-5.016294
-4.868004
-5.212617
-4.223653
-4.658626
-4.270986
-4.436737
-4.571510
-4.754970
-4.564651
-10.456000
-8.856802
-10.233990
-9.376638
-8.388324
-9.558288
-10.109655
-12.089322
-4.655275
-4.892513
-4.641358
-4.146308
-4.662103
-4.355581
-4.796725
-4.296380
-6.057869
-8.501499
-7.128081
-7.969719
-7.978395
-6.504566
-8.393068
-6.482679
-4.049604
-5.094211
-4.342531
-4.119303
-4.648966
-4.136266
-4.385052
-4.567995
-4.406297
-4.438594
-4.294419
-4.567450
-4.568286
-4.621798
-5.185666
-4.469859
-4.377401
-4.371834
-4.744905
-4.436068
-4.105641
-4.521568
-4.576490
-4.588043
-4.365197
-4.369663
-4.459889
-4.526764
-4.367901
-4.563858
-4.092061
-4.632063
-4.929584
-5.142167
-4.831331
-5.342961
-4.643905
-4.385524
-5.038741
-4.737169
-4.625520
-4.997088
-5.101563
-4.708046
-4.969383
-4.178232
-4.407334
-4.260471
-6.139580
-6.329921
-7.010299
-7.258659
-7.056652
-5.873092
-6.207462
-6.045498
-4.989537
-4.240126
-4.957423
-4.500862
-4.753208
-4.571975
-4.607670
-4.504087
-4.017365
-4.235811
-4.816114
-4.631140
-5.066958
-4.714991
-4.594004
-4.416374
-4.126379
-4.705275
-4.139756
-5.517326
-4.651165
-4.251211
-4.119409
-4.751648
-5.591626
-4.799342
-5.271877
-5.663829
-4.726988
-4.897309
-4.681441
-4.541157
-4.132235
-4.512334
-4.127633
-4.208597
-4.044101
-4.181189
-4.188424
-4.264414
-4.148096
-4.049772
-4.148659
-4.145647
-4.309789
-4.197964
-4.052935
-4.042760
-4.877192
-4.648517
-4.236048
-4.208974
-4.500839
-4.350310
-4.120367
-4.372401
-4.729113
-4.164558
-5.247233
-4.170246
-4.265206
-4.332112
-4.274331
-4.365271
-4.299156
-4.290503
-4.336092
-4.441994
-4.223220
-4.134310
-4.440814
-4.471781
-4.204165
-4.285110
-4.561704
-4.560071
-4.863389
-5.223858
-4.116440
-4.535272
-4.244727
-4.376377
-4.343906
-4.398811
-4.296977
-4.175303
-4.556666
-4.225011
-4.737892
-4.593553
-4.166990
-4.454370
-4.884635
-4.832232
-4.359831
-4.432008
-4.146161
-4.034042
-4.618613
-4.048683
-4.090405
-4.289729
-4.108792
-4.194624
-4.203501
-4.269878
-4.161885
-4.599265
-4.648815
-4.268763
-4.404893
-4.446305
-7.608647
-6.229271
-5.620342
-7.373807
-6.470103
-7.612418
-6.512243
-7.554119
-4.020148
-4.091104
-4.157029
-4.296953
-4.190622
-4.080117
-4.086177
-4.058366
-5.194856
-6.530476
-5.354039
-5.265270
-5.576765
-5.841293
-5.098065
-5.106143
-4.550009
-4.657631
-4.351232
-4.275088
-4.250575
-4.431160
-4.156239
-4.506308
-4.217623
-4.239269
-4.263791
-4.163607
-4.138257
-4.261071
-4.663972
-4.392874
-4.631997
-4.662794
-5.070137
-4.486708
-4.870129
-5.003565
-4.433411
-5.266248
-4.413143
-4.189302
-4.145838
-4.208099
-4.116291
-4.116772
-4.271991
-4.159569
-4.175020
-4.240602
-4.172222
-4.236270
-4.362188
-4.127688
-4.293446
-4.561862
-4.063493
-4.091532
-4.106761
-4.327215
-4.075749
-4.391955
-4.463164
-4.347146
-4.020605
-4.153819
-4.013933
-4.517233
-4.120618
-4.301767
-4.559464
-4.179597
-4.231108
-4.164615
-4.387299
-4.347006
-4.190563
-4.308601
-4.086449
-4.070828
-4.052767
-4.287039
-4.060534
-4.107183
-4.056180
-4.004013
-4.029271
-4.528073
-4.837593
-4.289313
-4.384746
-4.202651
-5.602221
-4.388775
-4.019902
-4.375800
-4.358799
-4.673850
-4.510983
-4.416078
-4.610706
-4.486839
-4.288173
-4.647243
-4.530786
-4.737859
-4.422652
-4.236671
-4.424828
-4.637728
-4.751913
-4.607591
-4.591910
-4.058537
-4.223054
-4.221840
-4.338996
-4.121382
-4.410155
-4.272298
-4.063295
-4.090740
-4.086398
-4.152416
-4.134336
-4.168993
-4.033830
-4.060540
-4.068566
-4.196259
-4.098690
-4.062240
-4.029470
-4.175007
-4.361372
-4.255493
-4.200933
-4.138171
-4.135406
-4.205906
-4.170649
-4.194330
-4.153237
-3.986102
-4.274098
-4.345309
-4.186320
-4.386614
-4.494305
-4.321506
-4.198901
-4.468000
-4.140112
-4.080643
-4.134896
-4.040895
-4.180379
-4.287662
-4.064114
-4.041125
-4.150279
-4.168714
-4.134516
-3.997081
-4.015959
-4.057491
-4.410178
-4.435017
-4.289775
-4.289471
-4.240982
-4.449565
-4.668180
-4.911371
-4.265738
-4.073739
-4.023413
-4.107239
-4.063469
-4.136130
-4.075721
-4.158070
-4.012471
-3.976146
-4.251032
-4.026411
-4.106983
-4.146178
-4.195954
-4.105799
-4.077164
-4.052471
-4.125623
-4.169992
-4.086943
-4.071803
-4.177890
-4.178280
-4.165726
-3.997755
-4.005448
-4.137584
-4.331878
-4.170510
-4.052148
-4.344755
-4.363268
-4.101285
-4.236057
-4.487880
-4.755815
-4.855966
-4.217703
-4.448608
-4.573028
-4.378022
-4.001720
-4.060507
-4.274039
-4.274827
-4.277954
-4.144214
-4.389821
-4.118229
-4.386943
-4.626834
-4.713775
-4.709740
-4.745837
-4.679691
-4.495385
-4.434469
-4.117295
-4.068743
-4.132688
-4.156812
-4.047110
-4.009907
-4.103772
-4.116663
-4.155533
-4.020455
-4.017714
-4.287109
-4.066605
-4.186138
-4.011062
-4.025492
-4.075158
-4.663324
-4.527994
-4.252982
-4.132842
-4.111949
-4.336727
-4.377001
-4.021029
-4.372681
-4.155062
-4.044716
-4.126042
-4.070944
-4.230527
-4.144642
-4.499070
-4.326894
-4.293466
-4.466179
-5.179577
-4.538394
-4.849061
-4.093180
