-128.930002
-48.679054
-128.668649
-502.172006
-5.010135
-5.565441
-204.093801
-336.191537
-502.093579
-35.738801
-128.962069
-21.710958
-4.088207
-336.155725
-15.313946
-17.822478
-24.180374
-5.374066
-5.264562
-129.441023
-336.267929
-18.030524
-203.505025
-33.504134
-114.811694
-1000.000000
-336.274188
-4.590132
-17.593896
-502.122412
-4.888039
-4.816681
-128.731183
-4.439810
-4.960346
-16.993823
-16.154633
-25.231127
-4.858599
-4.260813
-336.326549
-146.712442
-4.337964
-170.329587
-104.469625
-502.249414
-87.657222
-336.308189
-336.348958
-104.284789
-254.018131
-203.650366
-502.156853
-502.215993
-502.257796
-4.340353
-502.239443
-42.060049
-502.251853
-3.764709
-502.145865
-253.430706
-3.968587
-4.040652
-3.969867
-128.825420
-25.706771
-4.599312
-4.266415
-95.361444
-146.615384
-5.551896
-336.361126
-147.091539
-3.756857
-14.135889
-5.556833
-5.281182
-14.872153
-3.592047
-502.118035
-5.096154
-5.215436
-4.873311
-18.305553
-336.164102
-253.688677
-13.526331
-4.704458
-3.752786
-253.486423
-4.200599
-3.950098
-4.967714
-35.874298
-5.273516
-203.618856
-203.627660
-3.881476
-336.332960
-3.832952
-4.148758
-4.215987
-3.159769
-4.159046
-3.565803
-3.799885
-3.579113
-3.486771
-4.149123
-34.399194
-31.168390
-19.376123
-23.881536
-19.567523
-18.882577
-24.196029
-19.786077
-19.057221
-19.541999
-15.952824
-21.971630
-336.329124
-27.704604
-18.923244
-21.681787
-24.596907
-22.429623
-23.944925
-27.835156
-20.951352
-22.918617
-28.127917
-20.694830
-30.126443
-32.873269
-19.478299
-28.957619
-21.856325
-203.337343
-30.444275
-22.241290
-28.597342
-27.283689
-41.577447
-25.906839
-17.502110
-17.986704
-31.405967
-22.305369
-34.484028
-27.559830
-29.540002
-22.188482
-25.372993
-30.445717
-31.983627
-20.658836
-34.443540
-25.964449
-4.291494
-3.618312
-3.968014
-3.612037
-3.920454
-3.670936
-4.053522
-4.441804
-22.666191
-23.008098
-14.455624
-21.165058
-34.206279
-3.465135
-20.247803
-3.667384
-20.345063
-30.243474
-17.188507
-18.684965
-22.463572
-4.843305
-19.266199
-18.700462
-20.988337
-3.867723
-18.520177
-19.955532
-5.475287
-15.247797
-22.879019
-3.565277
-4.010211
-3.656326
-3.421910
-4.076217
-3.872247
-4.233247
-4.046156
-4.333201
-3.975520
-3.895632
-4.040412
-4.147345
-3.874257
-4.004605
-3.793787
-4.517508
-4.098047
-4.172681
-3.965431
-3.911703
-4.308294
-4.408777
-502.218778
-3.688652
-3.821574
-4.858460
-4.556534
-5.300707
-6.245676
-6.172546
-4.045065
-4.012340
-3.864854
-3.881867
-3.814242
-3.919407
-4.551112
-4.439334
-4.380843
-4.095298
-336.887020
-3.998717
-4.025379
-4.117573
-4.428386
-5.232016
-4.105483
-4.107653
-4.287426
-4.047729
-4.128641
-3.648804
-3.417551
-3.819909
-3.664430
-3.840112
-3.448029
-5.493952
-3.966685
-4.574668
-4.255705
-253.081804
-4.731501
-4.043677
-4.040282
-4.488111
-4.629068
-4.405822
-4.292619
-3.999250
-3.967401
-4.036948
-3.873268
-3.804327
-4.195041
-4.762531
-3.807440
-3.941164
-3.779330
-3.708759
-3.678571
-3.792505
-3.931488
-4.043075
-13.792325
-16.628200
-4.192556
-3.606823
-4.034924
-3.722601
-4.357053
-4.317955
-4.340599
-4.127142
-22.442948
-3.805126
-4.418882
-28.944242
-25.054256
-4.269483
-4.007166
-3.508710
-3.985497
-3.932339
-3.994953
-4.228822
-3.753917
-4.461699
-3.557953
-4.098735
-4.056748
-4.179207
-27.827697
-3.939924
-22.021729
-3.672539
-3.854288
-3.986656
-3.947384
-3.443356
-3.828841
-3.762219
-3.900846
-3.965149
-3.750710
-4.149809
-3.993283
-3.598792
-3.365634
-3.738471
-4.280589
-4.526430
-4.325512
-3.771320
-3.945434
-4.282522
-4.866313
-4.727229
-4.417180
-4.389846
-4.401864
-4.330052
-4.214115
-4.758607
-4.256619
-4.888282
-4.035964
-5.274945
-4.296116
-4.280750
-4.840991
-4.101930
-4.391684
-4.064727
-4.526913
-3.981732
-3.904771
-4.091480
-4.827241
-4.285554
-4.313365
-3.849547
-4.261428
-4.042457
-3.802036
-4.071338
-3.829848
-4.602509
-4.348604
-4.156307
-4.331191
-3.817294
-4.289856
-4.170092
-4.562643
-4.414586
-4.135251
-4.049366
-4.228997
-4.002736
-4.098242
-4.223764
-4.033492
-3.877864
-3.561919
-4.105300
-3.558472
-4.268595
-3.656744
-4.461168
-3.995176
-4.091423
-4.007612
-4.555654
-4.053785
-4.547809
-4.035561
-3.844878
-4.409910
-3.699816
-4.039438
-3.951019
-4.316342
-3.856037
-4.213433
-3.740002
-3.722758
-4.230120
-3.874692
-4.140952
-3.875634
-4.545775
-4.458553
-4.026501
-4.016049
-3.996917
-3.501718
-4.430955
-4.050204
-4.658780
-4.209042
-4.120973
-3.782453
-3.739305
-3.752250
-3.878705
-3.567211
-3.904809
-3.793036
-4.083183
-3.885116
-3.828924
-4.078365
-4.082571
-336.322068
-3.824971
-4.261595
-4.430674
-4.194572
-3.968817
-4.164422
-3.971210
-4.188460
-3.966885
-3.853761
-4.221697
-4.163688
-3.787502
-3.811579
-4.792021
-4.304795
-4.295565
-253.161507
-4.420189
-4.363910
-3.825146
-4.608027
-3.680287
-3.942657
-3.912597
-3.777090
-3.620193
-3.794526
-3.856951
-3.509801
-3.957862
-3.886199
-3.777008
-3.848576
-3.841446
-3.703747
-3.923769
-3.892565
-3.723764
-3.497113
-3.929849
-4.289673
-3.581923
-3.755586
-3.672940
-3.852691
-3.897584
-3.880314
-4.211421
-3.839863
-502.287723
-4.243147
-3.651684
-4.118078
-3.860972
-3.438219
-3.581737
-14.094120
-170.523330
-75.937914
-3.630876
-3.870220
-3.534552
-3.734920
-3.868263
-3.399834
-3.430213
-3.787624
-3.973395
-3.778837
-3.750225
-3.590906
-3.818313
-3.328054
-3.191394
-3.410741
-3.330632
-17.328925
-3.633452
-4.027456
-3.752668
-3.297811
-3.545746
-3.734718
-3.515346
-3.316511
-502.219573
-3.398097
-3.392887
-3.506470
-3.593771
-3.967395
-3.753055
-3.898766
-4.108765
-3.921571
-3.851068
-3.903386
-3.481958
-33.010201
-3.774872
-36.382268
-3.561893
-3.461540
-32.322759
-4.113393
-3.830917
-3.724385
-3.557014
-3.391824
-3.867459
-3.869326
-3.483844
-3.569157
-3.677982
-4.081541
-4.067625
-3.801510
-3.251666
-3.852525
-3.750153
-3.610321
-3.639299
-3.596928
-3.654726
-3.573175
-115.823301
-3.680105
-3.380625
-3.472886
-3.449177
-3.407464
-3.662816
-3.808498
-3.371068
-3.757847
-3.401295
-3.135250
-3.937192
-3.408848
-3.567529
-3.563751
-336.909867
-3.876569
-3.875110
-3.925808
-4.100985
-4.115049
-3.941010
-4.095102
-3.964593
-3.888759
-4.026542
-3.304120
-3.416661
-3.138858
-3.617454
-3.600658
-3.230927
-3.607505
-3.220539
-3.628961
-3.616260
-2.888040
-3.548629
-3.631932
-3.534770
-3.538535
-3.825174
-3.269285
-4.074566
-3.680114
-3.905483
-3.965345
-3.691283
-3.690982
-3.771362
-3.894705
-3.390384
-3.314304
-3.198115
-3.443791
-3.272300
-2.939238
-3.363666
-3.148436
-3.128894
-3.422060
-3.692871
-3.735290
-3.762055
-3.638223
-3.539049
-3.662197
-3.539674
-3.453646
-4.128630
-3.629207
-3.578253
-3.801292
-4.003059
-4.221813
-3.678192
-4.235448
-2.850656
-3.303154
-3.617110
-3.073072
-3.293215
-3.954358
-4.062720
-3.132312
-3.230997
-3.737949
-3.490854
-3.517768
-3.378623
-3.356776
-3.323452
-3.463955
-3.671463
-3.610954
-2.986788
-2.944096
-3.489660
-3.090862
-3.413440
-2.901800
-2.837442
-2.920376
-3.238368
-3.185624
-3.936220
-3.286626
-4.051709
-3.757191
-3.862653
-17.668727
-3.607436
-3.651517
-3.363502
-3.699022
-3.011912
-3.438787
-3.653244
-3.408989
-3.445263
-3.749490
-3.451577
-3.337286
-2.859519
-3.007862
-3.163014
-19.521077
-2.997496
-3.236169
-2.975203
-3.162093
-3.015732
-4.057534
-3.210633
-3.089747
-3.368534
-3.400361
-4.027853
-3.062624
-13.160893
-3.981134
-2.713212
-3.172480
-3.161352
-3.356256
-3.004120
-3.037345
-3.437132
-3.471693
-2.743402
-2.974955
-3.277095
-2.963645
-3.304441
-2.962040
-3.128708
-15.379751
-3.129656
-3.230126
-3.355104
-3.126864
-2.978510
-3.535916
-3.787687
-3.026407
-3.474496
-3.764616
-3.727095
-3.157945
-2.658111
-3.295109
-3.194894
-3.174859
-3.084879
-2.721028
-3.036090
-3.355239
-3.156042
-2.774692
-3.394214
-3.234810
-3.186130
-3.211579
-3.077345
-3.093653
-2.894464
-4.141904
-2.936107
-2.880316
-3.000008
-2.944699
-2.982634
-3.011088
-2.975394
-2.888217
-3.235088
-2.957122
-3.098985
-3.279501
-2.973991
-3.122162
-2.823445
-3.296325
-3.179111
-3.022281
-3.773246
-3.223373
-3.722927
-3.021892
-2.906903
-3.194046
-3.267028
-3.204726
-3.246981
-2.910031
-3.457972
-3.084159
-2.681807
-2.904253
-2.865635
-2.794221
-2.655771
-3.025862
-3.260943
-3.775984
-2.813609
-3.295918
-3.136607
-3.151519
-3.792445
-3.417442
-3.286170
-3.676487
-3.682276
-3.378869
-3.501889
-3.065429
-3.618592
-3.134662
-3.683388
-3.341399
-3.432561
-3.218668
-3.142949
-3.174986
-2.901614
-3.059447
-3.174242
-3.413065
-3.068487
-3.688476
-3.083649
-3.023011
-2.764916
-3.054694
-3.033305
-3.097921
-2.743515
-3.207578
-3.056180
-3.537618
-2.928250
-3.491376
-3.175377
-2.354855
-3.085876
-2.818990
-3.255882
-3.222330
-2.895429
-3.225518
-2.752916
-3.050608
-3.179394
-3.300371
-3.258379
-3.950815
-3.194797
-3.146184
-2.760170
-2.941752
-5.042193
-2.910884
-3.682855
-2.626621
-5.596849
-3.126221
-3.152849
-3.564194
-3.179231
-2.842848
-2.702535
-3.634421
-3.627279
-3.133156
-3.060032
-2.929539
-3.019753
-2.813794
-3.605865
-2.986561
-3.068143
-3.114472
-2.721815
-2.853099
-2.822442
-3.298527
-2.902063
-3.182551
-3.072126
-2.922773
-3.144368
-3.140848
-3.458399
-3.500322
-3.408244
-3.466839
-3.195106
-2.882298
-3.269329
-2.865548
-2.890806
-3.244536
-3.148157
-3.198384
-2.898860
-3.007375
-2.836264
-3.157689
-3.135884
-3.323698
-3.164374
-3.322866
-3.163079
-2.871970
-3.213141
-2.987297
-3.049479
-3.829652
-3.182978
-2.978759
-2.960929
-3.262388
-2.924833
-3.208004
-3.337537
-3.297734
-3.116675
-3.261339
-2.839055
-3.208848
-2.986025
-2.975000
-3.363365
-2.806224
-2.833529
-3.303170
-3.363819
-2.978955
-2.906645
-2.972317
-2.922621
-2.739478
-2.895178
-2.962645
-2.538691
-2.957282
-3.166778
-3.292349
-2.837781
-3.269217
-3.079500
-3.288250
-3.287310
-3.109076
-2.999899
-3.165894
-3.008252
-2.966849
-2.903455
-2.740447
-2.593346
-2.894068
-2.891973
-3.893324
-3.327640
-2.958412
-3.104209
-3.276792
-3.581387
-3.799716
-2.762980
-3.463031
-3.049530
-3.515478
-3.643495
-3.158201
-3.276584
-3.507263
-2.681102
-3.018090
-2.692890
-2.818904
-2.753795
-2.966063
-3.244424
-3.094471
-2.545137
-3.121494
-2.829337
-2.585117
-3.322760
-3.074707
-2.968535
-3.482760
-3.377311
-2.596851
-3.196967
-3.485532
-2.820975
-3.258785
-2.663679
-3.471288
-2.849199
-2.760988
-3.178454
-2.763312
-3.490720
-3.413020
-3.108425
-3.343038
-2.755241
-2.547246
-2.863833
-2.973918
-2.491445
-3.305415
-2.808777
-3.131220
-2.848012
-2.830525
-3.113122
-3.513733
-3.172003
-2.947892
-3.259222
-3.015100
-2.973486
-2.945684
-3.079775
-3.534122
-2.595195
-3.493888
-2.917517
-2.722562
-3.028665
-2.661365
-2.696736
-2.609656
-3.395335
-3.913075
-3.076275
-3.218001
-3.792229
-3.399439
-3.309932
-2.544864
-3.573104
-3.162208
-2.963704
-3.345107
-3.252041
-3.164658
-3.032061
-3.181820
-2.786861
-3.414663
-2.800399
-2.955891
-3.986826
-3.139806
-4.026233
-3.575339
-3.323497
-3.338047
-3.681672
-3.370925
-4.148805
-2.790885
-3.554817
-3.152631
-3.625149
-2.760257
-2.752506
-3.040045
-2.404073
-3.538926
-2.901914
-3.974424
-3.088629
-3.256781
-3.303812
-3.447483
-3.106944
-3.511763
-2.956274
-3.410132
-2.874550
-2.807566
-3.450106
-3.425199
-2.818619
-3.393728
-3.450625
-2.850439
-2.868225
-2.931085
-2.975824
-2.557398
-3.442816
-2.768485
-2.965718
-3.190113
-2.934436
-3.076596
-2.997430
-2.731213
-2.544176
-3.166490
-3.430725
-2.745480
-3.972643
-3.372723
-4.144490
-2.724844
-3.292014
-4.139483
-3.645138
-3.137151
-3.170777
-4.149493
-3.353185
-3.509119
-3.146764
-3.304870
-4.176848
-2.927943
-3.557737
-3.056813
-3.472300
-3.168880
-3.139490
-2.951457
-3.330868
-2.965346
-2.740126
-16.143592
-2.954728
-3.895353
-2.826632
-3.513352
-3.373198
-2.754653
-2.731136
-3.004395
-3.459027
-2.537675
-2.981646
-2.489173
-2.412367
-2.821014
-2.811628
-2.627264
-3.021837
-2.603786
-3.144451
-3.304533
-2.721767
-2.936446
-2.630898
-2.470746
-2.981784
-2.775369
-47.752009
-2.458599
-3.209563
-2.790703
-3.526363
-3.001783
-2.889845
-3.257671
-2.926063
-2.769387
-2.668961
-3.108279
-3.009094
-3.073498
-2.791260
-2.609560
-3.076528
-2.949253
-3.720432
-2.936563
-3.295022
-2.641757
-2.647017
-2.637018
-2.959391
-3.653526
-3.060452
-3.305107
-2.779650
-2.522120
-2.313024
-3.012049
-2.837602
-3.368109
-3.441833
-2.859451
-3.612894
-2.914095
-2.492959
-2.548976
-3.115248
-3.088541
-2.591203
-2.895248
-2.699509
-2.586076
-2.472054
-3.946363
-3.003129
-2.691353
-2.831707
-3.660332
-3.911392
-3.366365
-2.893356
-3.224109
-4.358117
-2.837412
-3.316474
-3.163917
-3.018387
-2.927618
-3.142885
-3.194780
-3.398731
-4.531739
-3.220157
-3.595343
-3.099365
-2.710070
-3.427571
-3.279421
-3.107671
-3.819295
-2.920741
-2.982960
-3.948102
-3.091443
-2.790534
-4.308131
-3.991841
-3.185144
-2.921788
-2.997541
-2.918096
-2.726365
-3.242323
-3.595695
-3.856574
-3.078616
-3.013089
-2.913400
-2.811572
-2.821964
-2.942313
-2.678061
-2.661505
-3.150517
-2.624557
-2.677325
-2.823876
-2.741149
-2.400397
-3.106085
-2.754961
-2.841007
-2.894177
-3.048891
-2.664225
-3.490583
-3.457951
-2.616889
-3.043464
-2.792080
-2.669775
-2.787483
-2.600292
-3.465691
-3.079607
-3.204501
-2.771831
-2.953925
-3.352450
-3.140756
-3.152239
-3.122927
-3.296913
-2.965005
-17.239460
-2.781391
-2.828964
-2.944073
-3.360052
-3.588521
-2.526299
-2.426133
-3.368833
-2.827732
-3.461827
-3.048516
-2.706239
-3.095539
-2.953860
-3.407015
-3.013543
-3.352580
-3.163527
-2.721200
-2.544904
-3.324647
-2.602871
-4.219520
-2.703556
-2.782038
-3.060865
-3.261373
-3.487244
-2.402452
-3.048952
-2.927798
-2.764347
-4.048597
-2.941761
-2.859398
-3.807698
-3.447389
-2.785872
-3.613297
-4.081806
-2.757192
-3.217579
-2.948473
-2.683359
-3.226067
-3.294063
-2.592103
-2.814816
-3.216239
-3.097344
-2.840209
-2.802730
-3.205909
-2.685721
-2.911932
-2.827150
-2.954745
-3.049431
-2.815039
-3.013717
-2.934328
-2.994156
-2.985451
-2.748262
-2.885914
-2.996029
-2.722939
-3.330228
-3.513869
-3.080818
-3.290357
-3.126132
-3.277149
-2.698293
-3.078864
-3.042897
-3.118541
-2.513543
-2.610138
-2.742849
-2.542723
-2.474990
-3.079216
-3.032513
-2.911729
-2.510279
-2.863370
-3.149069
-2.985978
-2.937516
-2.466430
-2.403010
-2.868250
-2.609729
-3.791843
-2.584117
-2.734104
-3.177405
-2.457118
-3.520803
-2.664318
-3.080573
-3.375746
-2.928632
-2.918332
-3.437953
-3.144398
-2.863721
-2.767588
-2.537138
-203.487473
-2.992644
-2.546163
-2.989100
-45.829428
-2.639745
-3.143120
-3.138482
-3.757440
-3.305588
-3.039614
-3.056919
-4.301845
-2.827660
-3.220457
-2.897763
-3.402733
-18.381008
-3.014876
-21.990376
-3.083430
-3.543008
-2.606546
-336.172975
-3.688418
-2.796494
-3.003041
-2.533384
-3.095086
-3.402803
-2.740922
-2.484291
-3.512505
-2.707373
-3.043182
-2.891088
-2.979930
-3.238213
-2.659022
-2.868622
-3.024920
-3.455880
-2.730977
-2.625572
-3.188679
-3.423503
-3.285820
-3.146164
-2.760699
-2.719262
-3.010281
-2.856560
-2.280455
-2.346401
-2.754646
-2.986481
-3.065506
-2.663413
-3.328469
-2.761701
-2.904168
-2.754808
-2.662306
-2.774125
-2.313903
-2.981643
-3.217926
-128.680219
-2.730344
-2.701311
-2.931222
-2.757945
-2.588497
-2.836279
-3.426458
-2.601623
-2.833334
-3.212891
-2.682889
-2.080760
-3.129943
-3.097955
