-336.350540
-502.197988
-336.176313
-336.300006
-15.696802
-4.438516
-62.871153
-170.497640
-253.421722
-104.091548
-27.171522
-4.087695
-4.625790
-502.201024
-336.158927
-253.292336
-4.624565
-336.415522
-4.594013
-336.172469
-336.273444
-336.283705
-336.290516
-336.316780
-502.258263
-66.756443
-39.846416
-115.067691
-94.993454
-44.287286
-4.538433
-4.619830
-4.730146
-336.266431
-94.903343
-4.042302
-336.025974
-128.839801
-14.778798
-70.832991
-203.350846
-203.240544
-4.590985
-27.209913
-203.258526
-38.788336
-502.154981
-19.407286
-502.087211
-22.958172
-502.130288
-4.825217
-103.876852
-502.224968
-502.251886
-104.024337
-21.005546
-3.918493
-37.549427
-81.120899
-115.083567
-4.141910
-170.396120
-128.834796
-45.964239
-18.747244
-4.253194
-24.319012
-1000.000000
-203.585958
-502.197873
-26.239546
-14.633933
-81.031037
-502.239916
-19.023292
-502.157712
-4.319505
-4.216574
-4.018015
-253.453493
-170.428358
-4.441924
-4.575625
-253.325429
-4.255008
-23.244623
-3.809602
-4.623229
-336.315400
-4.123621
-3.786992
-14.663653
-3.735171
-4.734560
-4.464226
-3.957740
-3.676298
-4.109641
-3.615893
-3.849648
-3.549245
-3.970477
-4.306305
-4.528972
-3.481623
-14.848126
-4.022382
-4.233149
-4.067285
-4.022135
-4.397596
-3.990315
-26.186470
-4.005354
-3.002034
-3.819860
-3.279416
-3.758633
-502.272647
-3.487426
-3.559125
-3.240116
-3.542476
-4.100024
-3.532710
-3.902624
-3.637998
-3.873180
-2.465777
-3.545447
-4.112295
-3.847724
-2.890381
-3.810079
-3.671116
-4.180506
-3.594547
-3.332632
-3.430611
-3.846902
-3.072816
-3.079769
-2.829729
-2.742760
-336.248356
-15.605837
-3.505036
-2.536757
-2.724755
-3.165157
-3.583698
-3.658836
-4.648827
-4.673362
-336.206291
-4.680424
-4.611682
-2.940067
-4.517331
-3.244985
-3.896806
-3.248721
-3.693179
-4.694416
-4.576174
-2.423334
-3.726027
-3.123098
-3.979604
-4.043774
-4.645002
-3.802906
-4.834878
-25.072094
-4.034645
-4.759219
-17.213480
-4.718132
-4.076164
-4.002055
-3.945226
-4.785156
-4.800577
-4.277914
-17.979255
-4.174400
-15.447317
-4.355817
-4.133346
-3.956065
-3.006559
-4.878671
-4.275848
-3.986281
-4.003120
-3.306881
-3.761101
-3.306888
-4.757442
-3.574759
-3.347129
-3.838395
-3.986484
-4.288442
-3.816703
-3.224364
-3.995115
-3.556903
-3.723127
-3.629950
-3.992896
-3.699945
-2.496887
-3.993019
-3.294203
-3.706646
-3.815150
-2.486827
-3.603474
-3.605545
-3.793565
-3.393415
-3.603470
-4.042403
-2.970218
-4.630320
-15.504650
-3.593941
-3.360632
-4.688476
-2.967104
-3.020958
-2.582324
-3.682983
-3.796057
-3.977787
-2.511282
-3.997283
-29.123408
-2.396636
-3.306466
-3.697043
-3.594800
-4.726243
-4.678982
-15.838018
-3.159457
-2.389876
-3.373960
-2.752661
-2.083899
-2.470737
-15.306838
-2.277148
-2.888318
-2.837262
-3.376227
-2.555601
-2.556677
-2.713243
-3.046465
-16.836341
-3.957324
-13.382614
-2.757660
-3.731338
-3.532736
-28.939237
-3.018347
-3.361823
-2.456865
-2.771204
-2.784780
-2.669086
-2.676130
-3.000534
-3.293147
-3.955733
-2.622311
-2.442528
-3.924417
-3.393509
-2.655149
-3.890993
-2.757975
-2.286324
-2.923871
-2.965745
-23.061881
-2.851641
-3.846279
-32.626294
-4.238670
-30.471076
-4.303843
-22.425451
-3.359541
-25.722784
-2.978612
-22.619114
-4.410708
-3.018173
-2.337529
-2.958207
-1.972299
-2.737605
-3.215233
-2.225247
-2.270465
-2.418729
-3.241376
-3.153125
-2.869539
-2.640904
-2.520334
-2.643708
-2.877244
-2.208094
-2.799933
-3.067399
-2.857849
-4.115430
-2.442648
-2.541137
-2.350294
-3.061703
-2.528512
-3.475681
-4.683801
-15.350349
-3.151007
-24.808155
-19.024103
-2.856059
-4.673075
-4.598253
-4.505555
-4.689905
-2.258292
-2.692699
-2.589060
-2.416916
-2.702941
-2.566579
-2.080011
-2.631020
-3.392655
-2.984091
-2.372513
-2.731790
-2.531199
-2.326915
-4.684329
-4.735900
-14.216642
-2.984883
-4.714066
-16.820370
-4.705770
-17.454965
-4.771292
-4.757255
-4.895232
-4.767883
-4.836344
-4.762582
-4.873322
-4.777181
-4.661527
-2.229693
-2.584514
-2.905535
-3.214091
-3.168105
-2.308614
-2.564556
-2.280132
-2.467212
-2.927530
-2.222131
-2.386839
-3.478635
-2.544357
-3.223011
-2.752353
-3.016853
-3.224809
-2.494732
-2.850178
-2.944827
-2.139650
-4.626186
-28.524374
-4.508631
-4.606874
-4.793939
-4.499348
-4.493037
-4.552814
-4.708151
-4.650415
-4.600802
-4.491128
-3.683602
-4.505183
-3.958572
-4.487213
-4.558650
-4.597466
-4.485803
-19.367024
-4.549298
-4.586306
-4.718668
-4.613378
-4.668387
-23.628462
-4.690299
-4.626205
-4.644863
-4.687449
-4.540337
-4.597351
-4.621028
-4.619908
-3.122590
-4.332410
-3.301245
-2.878266
-3.397108
-3.546878
-3.071035
-3.845967
-3.439629
-3.508347
-3.989457
-4.592746
-2.642947
-3.973033
-3.476009
-4.663829
-3.192514
-4.636991
-4.498955
-3.033917
-3.398692
-2.807874
-4.583886
-2.763271
-2.541986
-2.755980
-2.429252
-3.067255
-3.072683
-2.512873
-2.912849
-4.599577
-14.988478
-2.733273
-3.803851
-4.666842
-4.710279
-14.681323
-4.717067
-4.723207
-4.618885
-19.422735
-3.226767
-4.723040
-4.730343
-3.935740
-4.771846
-4.695812
-4.689412
-3.801379
-2.447717
-2.512757
-2.678523
-2.347376
-2.977218
-3.371279
-2.680660
-2.677134
-2.911073
-3.682422
-3.253984
-2.668670
-3.117005
-4.642934
-2.871433
-2.578812
-2.408897
-2.988163
-2.576169
-2.552775
-2.805452
-2.348172
-3.519038
-2.651334
-3.321903
-2.608880
-2.572258
-2.377367
-4.047039
-3.799660
-253.133583
-4.798376
-4.595528
-4.742184
-3.749000
-4.693132
-4.736247
-4.162022
-2.968662
-2.404258
-2.961582
-2.677825
-2.407833
-3.216984
-2.431421
-2.434007
-2.620332
-2.668571
-2.425957
-2.948272
-2.711371
-2.491025
-2.840712
-3.435052
-4.654784
-3.859267
-3.232210
-4.703562
-4.275345
-4.230774
-3.038376
-3.701779
-3.775977
-2.527795
-3.659085
-2.507172
-3.603881
-3.448728
-3.049702
-2.684688
-3.893408
-3.210808
-3.018440
-2.832036
-2.751955
-3.577013
-2.917439
-3.610921
-2.914444
-2.707437
-3.198884
-2.393457
-2.927360
-3.170600
-2.389761
-2.987114
-2.579555
-2.704653
-3.141339
-2.648071
-2.977956
-2.994466
-2.798236
-2.527865
-2.947953
-2.003669
-2.376277
-2.503003
-2.579486
-2.582565
-2.352495
-2.809312
-4.621706
-4.679886
-12.929071
-3.742142
-4.273389
-2.094534
-2.730208
-4.739920
-16.938636
-3.593841
-3.687265
-3.070086
-3.053840
-2.320406
-3.015756
-2.948919
-2.724278
-2.551167
-2.128603
-2.450929
-2.745696
-2.842597
-2.504726
-2.997481
-2.449398
-3.113641
-2.368965
-2.790641
-2.522214
-2.781355
-2.418500
-2.371837
-3.872859
-3.035674
-2.172635
-2.748032
-2.664507
-3.236868
-2.391185
-4.764101
-4.670798
-2.597818
-2.907328
-2.979585
-3.265529
-4.712859
-3.982087
-4.748541
-4.567621
-2.816027
-3.373303
-2.956081
-2.606147
-2.759461
-3.246589
-2.653427
-3.589836
-4.614862
-3.200998
-2.499128
-2.347994
-2.812696
-2.986013
-3.244620
-2.514206
-2.148821
-2.840836
-2.778268
-2.888760
-3.217913
-2.953957
-3.155209
-3.112839
-2.635568
-2.749842
-3.770680
-4.640492
-2.801503
-3.014568
-2.217570
-2.373656
-3.316300
-3.386420
-3.197054
-3.533972
-4.019826
-3.935271
-2.897988
-3.624263
-2.792212
-2.687855
-2.882512
-3.070244
-4.778864
-4.322235
-4.731062
-3.499515
-3.706724
-3.011490
-3.721554
-4.666547
-2.870545
-4.704930
-4.641206
-2.514382
-2.342853
-3.086254
-2.759074
-2.605088
-3.623133
-2.563814
-4.121014
-4.623744
-3.584072
-3.278231
-2.768140
-3.844980
-3.248183
-2.892819
-2.480620
-3.977140
-4.539714
-3.743609
-4.165781
-2.817606
-3.973698
-3.043532
-3.520869
-3.228029
-2.802843
-3.391849
-2.598647
-3.296203
-2.950481
-3.026212
-3.053517
-2.837227
-3.038121
-3.147129
-3.255046
-2.729850
-2.665375
-3.293328
-3.178082
-2.884261
-2.654330
-2.928850
-2.689008
-2.849626
-2.831616
-2.602375
-2.582176
-2.772646
-3.040231
-13.242218
-2.006233
-2.718477
-2.791198
-3.141224
-2.678528
-2.664779
-3.306858
-14.504840
-2.313094
-3.102834
-2.760574
-2.935887
-3.046730
-3.113583
-2.820768
-2.652249
-2.974844
-3.580848
-3.036189
-2.675944
-2.797899
-2.983476
-2.992893
-2.682515
-2.680857
-3.120862
-2.563703
-3.628146
-2.973379
-4.217683
-2.722373
-2.869712
-2.719042
-3.225855
-2.778768
-3.119421
-3.035243
-2.409433
-4.048846
-2.809133
-2.672971
-2.109269
-3.131596
-2.816015
-3.158756
-3.079905
-2.960219
-2.909556
-4.409642
-2.492336
-3.027680
-2.644289
-2.462476
-4.314633
-3.052278
-3.200975
-2.717437
-2.287354
-3.164950
-3.012243
-2.629311
-3.036452
-2.862762
-2.249751
-2.771641
-3.120834
-3.331665
-2.384952
-2.977884
-2.741822
-2.819374
-2.329644
-3.077446
-3.480661
-3.169323
-2.379945
-2.799617
-2.752376
-2.935626
-3.159780
-3.045539
-2.821646
-2.717553
-3.170924
-2.646938
-2.480586
-2.674321
-2.888857
-3.067215
-2.435225
-2.742721
-3.044194
-2.932576
-2.725238
-2.544756
-2.983255
-2.589155
-3.033147
-2.566652
-3.003881
-3.080107
-3.251466
-2.326085
-2.609673
-2.939248
-3.248045
-3.171880
-2.542378
-3.022033
-3.221409
-2.977746
-3.000862
-2.770795
-3.314750
-4.753591
-2.855882
-3.081073
-3.598144
-3.289160
-3.581623
-15.443280
-3.635596
-3.064957
-2.844373
-3.572406
-3.052151
-3.125644
-3.225799
-2.770985
-3.715943
-4.058921
-3.242250
-4.780684
-2.966923
-2.928791
-2.677644
-26.123568
-2.941951
-3.304638
-2.881174
-3.107400
-3.104664
-2.589714
-2.748676
-2.735565
-2.778977
-3.382114
-2.416894
-2.235016
-3.301440
-2.787011
-2.160357
-2.674685
-2.844873
-2.627853
-2.898796
-2.883779
-2.705769
-2.798128
-2.978306
-2.461419
-2.763875
-2.639128
-2.315757
-3.016809
-2.384600
-2.218949
-2.078935
-3.805243
-3.046757
-2.462461
-2.840291
-3.427948
-3.320247
-4.314876
-4.065898
-2.735294
-3.401564
-2.950517
-3.106952
-2.784101
-4.711233
-2.315892
-3.118286
-2.475083
-2.822583
-2.947595
-3.004645
-1.951888
-2.575311
-2.407895
-2.127315
-2.466906
-2.400735
-2.650161
-2.356179
-3.054824
-2.461192
-2.368557
-2.412364
-2.181816
-2.489158
-2.367066
-27.137400
-41.271896
-19.642994
-24.457246
-15.197950
-2.051498
-3.031841
-2.626908
-2.656293
-2.802698
-2.969289
-30.306218
-2.695455
-2.282139
-2.584553
-2.832100
-23.907378
-2.568610
-19.624486
-2.151993
-2.469706
-2.820348
-2.306154
-2.771543
-3.083254
-2.085347
-2.277765
-2.608051
-2.752104
-2.643629
-2.580364
-4.261212
-3.040008
-2.804725
-3.180835
-3.245152
-3.074995
-2.980673
-3.013813
-2.799569
-2.921482
-2.744408
-2.853386
-3.107395
-3.046988
-2.252226
-23.190210
-2.871570
-2.700732
-3.326883
-2.854195
-2.419077
-3.176623
-36.213870
-3.156882
-2.442606
-2.791463
-2.826771
-2.872311
-2.649465
-3.067485
-18.422599
-52.800369
-2.580691
-3.144926
-2.501114
-2.683734
-2.754514
-2.788124
-3.280686
-2.523389
-2.904650
-2.871311
-2.909877
-22.126987
-2.228344
-2.696064
-2.286975
-2.105094
-2.646840
-2.426166
-3.072354
-2.423029
-2.402224
-2.229630
-2.124774
-2.028356
-2.886081
-3.399638
-3.181708
-2.600684
-2.853816
-2.445041
-3.077860
-3.204232
-3.118364
-2.890846
-3.082230
-3.135843
-2.617992
-2.496171
-2.869766
-3.122047
-3.400100
-2.951284
-3.128999
-2.478375
-3.116510
-3.128242
-2.755423
-2.342491
-2.499896
-2.465900
-2.870789
-2.534165
-2.819406
-2.423754
-2.404209
-2.680017
-2.582468
-2.041091
-2.975628
-2.816429
-2.561316
-2.809992
-2.248251
-2.777834
-2.509331
-2.231983
-2.775331
-3.032057
-23.197521
-2.478384
-3.007785
-2.878413
-2.641891
-2.775877
-2.394978
-27.692375
-13.726184
-2.645378
-3.122921
-2.572358
-2.380523
-2.675858
-16.422011
-3.738289
-2.780321
-2.803384
-3.527859
-2.803403
-2.752556
-2.553233
-2.492455
-2.682247
-2.529962
-2.594632
-2.044113
-2.415942
-2.498197
-2.386872
-2.286187
-2.939265
-2.294852
-2.742535
-2.476553
-2.420593
-2.775583
-2.217356
-2.827159
-3.029331
-2.829068
-2.631452
-2.586179
-2.935066
-17.976309
-2.653884
-2.758884
-2.577694
-3.050060
-2.548463
-3.013015
-2.611036
-3.062665
-2.826985
-2.989012
-2.846086
-2.827881
-2.673606
-2.877743
-3.044632
-2.639370
-2.682099
-2.810215
-2.767120
-2.341774
-2.777448
-2.794888
-2.677857
-3.051886
-2.744212
-2.243339
-2.580657
-3.261318
-2.919875
-2.840891
-2.964733
-2.970576
-3.194123
-2.468853
-3.215526
-2.877763
-3.367304
-3.519403
-2.930393
-2.712986
-2.398477
-2.607894
-2.434969
-2.590597
-2.443523
-2.866261
-2.860156
-3.025648
-2.020184
-2.364266
-2.242752
-2.412346
-2.662253
-2.327863
-1.953711
-2.327091
-2.470539
-2.847443
-2.946178
-2.446884
-2.275485
-2.931280
-2.635123
-2.784546
-2.409796
-2.685486
-2.873374
-2.804805
-2.976999
-3.078549
-2.011991
-2.278495
-2.022627
-2.437745
-2.002361
-2.320894
-2.812306
-2.351789
-2.041171
-2.802079
-2.203097
-502.060001
-2.459312
-2.825213
-2.362533
-3.129024
-3.073875
-3.105464
-3.066507
-2.738706
-3.131621
-2.899826
-3.141673
-2.967473
-2.694796
-3.548749
-2.514703
-2.679854
-2.552817
-2.948911
-2.622983
-2.744440
-2.487152
-3.173013
-2.647205
-2.674874
-3.015566
-2.767744
-3.085630
-3.072479
-2.462914
-3.147773
-2.910668
-2.750647
-2.926214
-2.751400
-2.998592
-3.067064
-2.605460
-2.613395
-2.222179
-2.355348
-2.148358
-1.854179
-2.757282
-2.043138
-1.901075
-2.375471
-2.383786
-2.555997
-2.612335
-3.096432
-1.962765
-2.347697
-2.420660
-2.524546
-1.890651
-2.376594
-2.084728
-2.563978
-1.927225
-2.104528
-2.979566
-2.499530
-2.430506
-2.038687
-2.659945
-2.279627
-3.198041
-2.448704
-2.497590
-2.430135
-2.783676
-2.803361
-2.760211
-2.606737
-2.642922
-2.065312
-2.718511
-2.871177
-2.015812
-2.474287
-2.563563
-28.770146
-2.775685
-2.876494
-2.612585
-2.597774
-2.475819
-1.982561
-2.514130
-2.412500
-2.196277
-2.067328
-2.262214
-2.080455
-1.823426
-2.842667
-2.771544
-2.525148
-2.867242
-2.407906
-2.738706
-2.509517
-2.513311
-2.693675
-2.987050
-2.819049
-2.584783
-2.686051
-2.449969
-2.763346
-2.005875
-2.352738
-3.071034
-2.913518
-2.491811
-2.273388
-2.090947
-2.221636
-2.543105
-2.422754
-2.285312
-2.291897
-1.812333
-2.720868
-2.770101
-1.864640
-2.661334
-2.416932
-2.965122
-1.845515
-2.503566
-2.551426
-2.706905
-2.588716
-2.142133
-2.196370
-2.857289
-2.094833
-2.290550
-2.571541
-2.924601
-2.161013
-2.044003
-2.596643
-2.792882
-2.715175
-2.696175
-24.784575
-2.487917
-2.705936
-2.744407
-2.452727
-3.030601
-2.602290
-2.813741
-2.845378
-2.363082
-2.637613
-2.701161
-2.789665
-2.759031
-2.621874
-2.508934
-2.641446
-2.467783
-2.787626
-2.678540
-2.327262
-3.056179
-2.989837
-2.574588
-2.323924
-1.975924
-2.571199
-2.906900
-2.281555
-2.683380
-2.214677
-2.697246
-2.141764
-2.476160
-2.635001
-2.486024
-2.269847
-2.861919
-2.321195
-2.304023
-2.215358
-2.129937
-3.006695
-2.156942
-3.122134
-2.111120
-2.255327
-3.012569
-2.058672
-2.741158
-3.240727
-2.240789
-2.813347
-2.424724
-2.677029
-2.817692
-3.713244
-2.631612
-3.221011
-2.806970
-2.734745
-3.137018
-3.110302
-2.130811
-2.333880
-2.386577
-2.352465
-2.208363
-2.483494
-2.254722
-2.229365
-2.553305
-2.188155
-2.783305
-2.153398
-2.126017
-2.295626
-2.457236
-2.254125
-2.577894
-2.559841
-2.201026
-3.275842
-2.999665
-2.578203
-2.520644
-2.933804
-3.062021
-2.974178
-2.587306
-2.171097
-3.080499
-2.652184
-2.702140
-2.663162
-2.236129
-1.926428
-2.862364
-2.882097
-2.675234
-2.225526
-2.364762
-2.286238
-2.318290
-3.174475
-3.055576
-2.339088
-2.546464
-2.742802
-2.714503
-2.664851
-2.731409
-2.417956
-2.672230
-2.661973
-2.935526
-2.811354
-2.594657
-2.600764
-2.761777
-2.870142
-2.763591
-2.381745
-2.516549
-3.041752
-1.961688
-3.127299
-2.350604
-1.967165
-2.527487
-2.096564
-2.916794
