-56.954826
-87.318370
-170.485316
-203.811998
-502.216892
-253.266160
-49.972730
-37.664796
-336.345409
-502.224213
-502.250283
-170.576919
-104.009112
-502.318613
-4.083699
-16.731803
-203.552698
-33.788244
-253.293390
-502.184874
-38.661328
-336.171538
-502.163605
-39.923589
-115.213766
-336.373386
-33.812258
-502.301094
-34.622915
-170.368106
-103.973707
-44.410657
-59.748734
-94.989101
-502.242121
-253.380244
-19.784305
-502.193910
-80.942162
-336.436925
-4.647836
-336.362886
-1000.000000
-32.061589
-94.980532
-4.725653
-253.082238
-502.146872
-59.465893
-38.941154
-4.566158
-502.150577
-502.218738
-502.230866
-42.774678
-4.616637
-94.812689
-336.161549
-502.214521
-336.257953
-4.613056
-17.737253
-4.671133
-253.076043
-253.200629
-502.116282
-4.509316
-17.430623
-4.658521
-336.290532
-253.228130
-502.172520
-502.217062
-20.933665
-4.669274
-35.691141
-336.111148
-4.613789
-336.316259
-502.128160
-336.121609
-4.637078
-336.295724
-336.258911
-253.140675
-502.078441
-38.968288
-30.121607
-336.313698
-4.648321
-80.903976
-336.172181
-15.675282
-33.335835
-4.661116
-502.221910
-3.773947
-336.183670
-4.674525
-35.738913
-18.916887
-28.537522
-27.698990
-4.661354
-4.494717
-104.111899
-4.686033
-502.210973
-4.246358
-4.669166
-56.829610
-4.724966
-25.018112
-4.657417
-4.673677
-253.362438
-253.274865
-4.634581
-253.192385
-4.627205
-4.684175
-4.513221
-24.202881
-18.891575
-253.271146
-2.827972
-2.873642
-4.587485
-4.677594
-4.555550
-4.573625
-4.630165
-4.602459
-4.394533
-502.101722
-4.612676
-4.515273
-4.703539
-4.519236
-4.677754
-4.561338
-4.413161
-20.607981
-4.778462
-4.657929
-4.721757
-4.518748
-20.802012
-4.163358
-4.650728
-4.711710
-2.772773
-4.325975
-3.314365
-4.633483
-4.655554
-4.639770
-4.642821
-2.936060
-2.724308
-2.316064
-2.720645
-2.798392
-2.308686
-3.265785
-3.007341
-3.804498
-3.309204
-2.575417
-4.588443
-2.469760
-3.667531
-4.577523
-2.529881
-3.242703
-2.862556
-2.364799
-3.374690
-3.385531
-3.627610
-3.816151
-3.021187
-4.002897
-3.504785
-2.861312
-4.134490
-2.519433
-2.175174
-2.495001
-4.621681
-2.891510
-2.830090
-2.525414
-2.896937
-3.033110
-4.656405
-2.880791
-2.773098
-2.846576
-2.511929
-2.931956
-4.654452
-2.885046
-2.144413
-3.044388
-3.292098
-2.061399
-4.617562
-3.751634
-3.061063
-2.421931
-2.647483
-2.500146
-2.663127
-3.192325
-2.534044
-2.504486
-3.080321
-3.401103
-2.355063
-2.955441
-2.455064
-3.505776
-2.998569
-2.389848
-4.682149
-4.662897
-4.576103
-17.211635
-4.677568
-4.429693
-22.936530
-16.791453
-4.029145
-3.068688
-2.177708
-3.279256
-1.991792
-3.369799
-2.563535
-2.831034
-3.154065
-2.438676
-2.496070
-3.022521
-3.111593
-2.732336
-3.084171
-2.737246
-2.413440
-3.233407
-3.344828
-3.536307
-2.782216
-2.465197
-2.767355
-2.457516
-2.413301
-2.534939
-2.616225
-3.081068
-2.214525
-2.866228
-1.901775
-2.917775
-2.444390
-2.957506
-2.801866
-2.419986
-2.647762
-2.853076
-2.559810
-3.284916
-2.839036
-2.533916
-2.243460
-3.258220
-3.364161
-3.220731
-4.185786
-4.656914
-2.540700
-2.238625
-2.508211
-3.063661
-2.957525
-2.834738
-2.259704
-2.946731
-2.356877
-3.447223
-2.956798
-2.830399
-2.847140
-3.430045
-3.614858
-4.124258
-4.591232
-2.629028
-2.756417
-4.525731
-2.659394
-2.526755
-4.664461
-2.957642
-2.379769
-4.145779
-2.463318
-4.526202
-2.780530
-2.163723
-3.148219
-3.062877
-2.535092
-2.705272
-3.016347
-3.204767
-2.831792
-3.301937
-3.218888
-2.774306
-4.626812
-2.596217
-2.083662
-2.557194
-3.325693
-4.608802
-3.014979
-3.982815
-3.241912
-2.950181
-2.612771
-2.863996
-4.129558
-4.538454
-4.553998
-4.408097
-4.553391
-4.549619
-4.563387
-25.509851
-4.681556
-4.479088
-4.550624
-4.623177
-4.599317
-4.660540
-3.042315
-4.593250
-4.501548
-4.614843
-4.650256
-4.644074
-4.479651
-4.481391
-4.525218
-4.557941
-4.613768
-69.617406
-4.612481
-2.358602
-2.979566
-4.546570
-4.587670
-2.776184
-4.646177
-3.559492
-3.315304
-2.869763
-4.649037
-3.092473
-4.703450
-3.751947
-4.612621
-2.847586
-2.627934
-2.785947
-4.612219
-2.249372
-2.845933
-4.512664
-2.069689
-4.611622
-4.611887
-4.520538
-4.547965
-4.567073
-3.010997
-2.325560
-2.819062
-28.119177
-4.620608
-4.586667
-4.596502
-16.774559
-4.614131
-4.553711
-4.656744
-4.513654
-2.999471
-4.718701
-26.788263
-29.490801
-29.178421
-21.158915
-4.635036
-4.467294
-4.658978
-4.639354
-3.608815
-2.633873
-4.012503
-2.934651
-2.355666
-4.692269
-45.372190
-2.938877
-3.086276
-4.573303
-2.663806
-2.924464
-2.448200
-2.784616
-2.380394
-2.360199
-4.536627
-4.794544
-4.726176
-4.716664
-4.761240
-4.542227
-3.159924
-4.587084
-4.432742
-2.481744
-4.652898
-2.333626
-2.559822
-2.991359
-3.071037
-3.437347
-18.676426
-3.018545
-4.654665
-2.287966
-4.595728
-2.300533
-2.262151
-2.211136
-2.848152
-2.411407
-2.344687
-3.149576
-2.770521
-1.995361
-2.589999
-2.514279
-2.416982
-2.888522
-2.476224
-2.442086
-3.087569
-2.099746
-2.138403
-2.824708
-2.363187
-2.899372
-2.999474
-4.124136
-3.174189
-4.431071
-2.597064
-2.092529
-2.314888
-4.570083
-3.167704
-4.543622
-4.607465
-44.661161
-4.619910
-4.642757
-4.636801
-4.483112
-4.556674
-32.237003
-4.663284
-1.845551
-2.579790
-3.229210
-2.737400
-1.796941
-4.557865
-2.681214
-2.771107
-3.120767
-2.300129
-2.201492
-4.694890
-2.889234
-2.602453
-3.076301
-2.496388
-2.533446
-2.700037
-2.674261
-4.663514
-4.552314
-1.951139
-2.744706
-2.179676
-4.595351
-1.840172
-2.249090
-3.088227
-4.618811
-2.159086
-4.577209
-3.972016
-4.405924
-4.503510
-4.574324
-4.498759
-4.533309
-4.523506
-4.587694
-4.459603
-3.071153
-3.625444
-1.853660
-2.493579
-3.148703
-3.494436
-2.818541
-3.461124
-3.316160
-2.882873
-3.008709
-4.607127
-3.304041
-3.314977
-2.192424
-2.422568
-2.352597
-3.013679
-2.131495
-2.319398
-4.614198
-2.739900
-2.303034
-2.260070
-4.399041
-4.424270
-4.520032
-4.522373
-4.617121
-4.618734
-36.239326
-4.402894
-4.443027
-4.603806
-4.295096
-4.462586
-4.379326
-4.464648
-4.493241
-4.555419
-16.586031
-4.541486
-2.212300
-3.063116
-2.559420
-2.853644
-3.084266
-2.970356
-2.754648
-2.312513
-2.984234
-2.766298
-3.337573
-3.264338
-2.510320
-4.638854
-3.827821
-2.477797
-4.571375
-2.506941
-2.217002
-2.120019
-2.291236
-4.346156
-4.678094
-37.447068
-4.519302
-36.698965
-4.707778
-25.472914
-31.955352
-4.618098
-4.585563
-23.756032
-37.490398
-4.613075
-4.633084
-2.590417
-4.619811
-4.739215
-36.532945
-2.823888
-4.625354
-4.447716
-2.399908
-2.176371
-2.391918
-4.719679
-2.629559
-2.853008
-2.117732
-2.546701
-3.288889
-3.063908
-2.277984
-1.994341
-3.122900
-3.476843
-1.987252
-2.203160
-2.435595
-3.379950
-3.714301
-2.613085
-2.021114
-2.956890
-2.428968
-3.598243
-2.576392
-4.489153
-2.906795
-2.386979
-1.956717
-2.331494
-2.577123
-2.096611
-3.091083
-2.338124
-1.941718
-1.998696
-2.575165
-3.550981
-2.547893
-1.923926
-2.255281
-2.731876
-2.840006
-3.638380
-2.824653
-2.173796
-4.596639
-4.410726
-2.690522
-2.694909
-3.111660
-4.724655
-32.387043
-4.698120
-4.691632
-4.664019
-4.740010
-4.706459
-4.638990
-44.790490
-28.988402
-27.745027
-4.697325
-4.507587
-4.511168
-4.581603
-4.585252
-4.602454
-4.479784
-4.646930
-37.891915
-4.422611
-4.437831
-39.196807
-4.453502
-24.385782
-4.506852
-4.668879
-34.126525
-3.667319
-4.521141
-32.807981
-4.665798
-34.828153
-27.781378
-29.314347
-15.371030
-43.314527
-46.656477
-35.803810
-4.717736
-20.303942
-4.679098
-34.321641
-33.961500
-4.721470
-36.786098
-3.782757
-4.350754
-3.650245
-4.434570
-4.401523
-31.995799
-4.390925
-4.725471
-4.369036
-2.364455
-2.387510
-3.017664
-2.460125
-3.181555
-3.076909
-2.462074
-2.905535
-2.487665
-2.699303
-2.001284
-2.705489
-1.824819
-3.146270
-2.529656
-3.446655
-2.532065
-3.065648
-2.042503
-3.658732
-2.452720
-2.820622
-3.209750
-3.056717
-1.716544
-3.223581
-2.936052
-2.201641
-2.577325
-3.245927
-2.868354
-2.312593
-2.388639
-3.340660
-3.396013
-2.436105
-2.389638
-2.730679
-2.228592
-2.100481
-2.180667
-1.932320
-1.639330
-3.141565
-3.078161
-2.114317
-2.633378
-2.793361
-2.120809
-43.329996
-43.169973
-4.696443
-4.628334
-28.065879
-4.295165
-22.154604
-34.749530
-33.045531
-4.594283
-4.567088
-4.660804
-4.435737
-4.777739
-4.406454
-4.540503
-4.575577
-46.694205
-46.852320
-4.333809
-4.224712
-19.962886
-3.967337
-2.271712
-2.076822
-2.149369
-3.713451
-2.251694
-2.422512
-4.635242
-3.445371
-4.615380
-4.600374
-4.659282
-2.219015
-4.640112
-2.524729
-4.608724
-2.704887
-2.522398
-15.713516
-2.891770
-2.415829
-2.024296
-2.318731
-2.553343
-2.113568
-2.214746
-2.347943
-2.442170
-3.023368
-2.343993
-4.179343
-2.849923
-2.516606
-19.285979
-3.085198
-3.058564
-3.312339
-15.713060
-2.553585
-2.367345
-2.912186
-3.155598
-2.033579
-2.077503
-2.661691
-2.644640
-2.347653
-2.484636
-3.271971
-3.061846
-2.940773
-2.783736
-2.878330
-2.987278
-3.303675
-2.298211
-2.711128
-2.867149
-3.222803
-3.071837
-3.097421
-2.822089
-4.224223
-2.013174
-3.073739
-2.905086
-4.320844
-4.685276
-4.638175
-4.361191
-4.613556
-16.214251
-4.552445
-4.057328
-34.519575
-4.633251
-4.319091
-22.626787
-69.340853
-4.480919
-33.052667
-32.679799
-4.586506
-4.575485
-4.671147
-41.979647
-4.548228
-3.492056
-2.096107
-3.201161
-2.919338
-2.124305
-3.485930
-2.581913
-3.104420
-2.409645
-2.905053
-2.345128
-2.332959
-4.552810
-4.463874
-26.817649
-4.051406
-26.206050
-4.557277
-4.655757
-26.407139
-22.681800
-22.360017
-4.633916
-35.566534
-4.075999
-32.999301
-4.611796
-4.501370
-43.263593
-23.440154
-4.608829
-4.487100
-4.204166
-4.484223
-46.370352
-4.688858
-26.447163
-15.292989
-22.825247
-4.389338
-4.472342
-26.921686
-23.817871
-4.466445
-32.310056
-4.211655
-4.585324
-24.272438
-4.379597
-4.606151
-4.635738
-26.865611
-25.073778
-44.989191
-4.447488
-23.139009
-4.581525
-2.159417
-2.739279
-2.449058
-2.246012
-2.745940
-2.835928
-2.284310
-2.355741
-2.138366
-3.057136
-4.141416
-2.365162
-4.579968
-4.591970
-16.063481
-4.329627
-25.413920
-4.562357
-4.106668
-25.676209
-4.415006
-25.918666
-3.834885
-4.614798
-4.512654
-4.392782
-4.578961
-4.267652
-4.715897
-4.744209
-34.240015
-4.476352
-4.566838
-4.365653
-4.331334
-4.474109
-39.533600
-40.455768
-4.445316
-28.374071
-4.271099
-14.199510
-1.818652
-2.787447
-3.250362
-2.060990
-2.217741
-2.249237
-3.241480
-2.403518
-4.563709
-2.592797
-2.450428
-2.375448
-4.545083
-4.512967
-44.700257
-4.748230
-23.491665
-4.673063
-4.501576
-22.061318
-4.711767
-4.495005
-39.518014
-4.429963
-4.226786
-3.862790
-4.533717
-31.933454
-4.119116
-4.358243
-4.548505
-4.494605
-4.599298
-18.485741
-4.491276
-30.320529
-4.681845
-31.910850
-4.425800
-4.533531
-30.518008
-28.837133
-22.062019
-22.153672
-26.768031
-29.508145
-2.067308
-2.683262
-2.545285
-2.218110
-3.012143
-2.380193
-2.230268
-2.593414
-3.261370
-2.391953
-2.767184
-2.524887
-3.100468
-4.483844
-2.559805
-2.314374
-2.597175
-2.288222
-2.504723
-2.544498
-3.127295
-2.699273
-37.940359
-4.368992
-4.565779
-4.069932
-4.867832
-4.815789
-4.189485
-45.125647
-23.181954
-4.578768
-2.362434
-2.927036
-2.699035
-2.067084
-2.904952
-2.883165
-2.781052
-2.554922
-2.762061
-2.099437
-2.527242
-4.526560
-2.691549
-1.913544
-2.732936
-4.492408
-2.856978
-3.510819
-2.528853
-2.064947
-2.493941
-2.943460
-2.734873
-2.613867
-3.261574
-2.739680
-4.165643
-4.494936
-4.762117
-4.737430
-4.702489
-3.930062
-4.581630
-4.322243
-2.118004
-2.336074
-2.223112
-2.643132
-2.380083
-2.462125
-2.841877
-2.705755
-2.401600
-2.585163
-2.257800
-2.129355
-2.663181
-2.068731
-1.940848
-2.533171
-2.442881
-3.122727
-3.175270
-2.920527
-2.445733
-4.451651
-4.552303
-4.431393
-4.470574
-4.645763
-4.102073
-4.561956
-4.665731
-4.461288
-19.435772
-4.549011
-4.565039
-23.972711
-16.678426
-4.319130
-44.977699
-18.847628
-37.389044
-4.477982
-2.039698
-2.857964
-2.357322
-2.348334
-2.235842
-2.418157
-2.829714
-2.453110
-2.157264
-2.430285
-2.033516
-2.143029
-2.181610
-2.903872
-2.330839
-3.489429
-2.679243
-3.039066
-2.074407
-3.562189
-2.582774
-2.354287
-2.087867
-3.071835
-2.640751
-23.386412
-4.670487
-4.433375
-31.730384
-4.505167
-39.766734
-4.543417
-31.738646
-27.670701
-25.894000
-44.663208
-4.673849
-4.620645
-2.404492
-3.766385
-2.206521
-3.866046
-2.200396
-2.440261
-2.366904
-2.662984
-3.986683
-1.760707
-4.483573
-2.012357
-2.339458
-2.268639
-2.205927
-2.157674
-1.941033
-2.254652
-2.224195
-3.320528
-2.023787
-1.985200
-2.224336
-1.810310
-1.999195
-4.637449
-3.045441
-4.595838
-4.321516
-39.034539
-31.045380
-4.681065
-37.328497
-35.418070
-44.779100
-29.635401
-4.611321
-4.674489
-32.361842
-21.228726
-39.889268
-25.108806
-4.629552
-2.208459
-2.654114
-2.116014
-2.279864
-2.293879
-2.542128
-2.021662
-2.101368
-2.563825
-1.795876
-4.622209
-37.775995
-42.854289
-4.393756
-4.402680
-4.597491
-4.625780
-4.561152
-35.487245
-43.207703
-4.434233
-3.122168
-4.644775
-4.685206
-4.739162
-25.694693
-27.020928
-44.041431
-20.792814
-39.806098
-25.959196
-24.322480
-4.670585
-33.635835
-4.669246
-4.645100
-39.718687
-46.110095
-46.741999
-32.599168
-42.854272
-30.404321
-24.974938
-31.600371
-20.199871
-35.339089
-25.440664
-4.688099
-4.652104
-4.738549
-37.229838
-2.227350
-4.652287
-1.855253
-2.070377
-1.774000
-2.228722
-4.684645
-2.679762
-2.094075
-2.299535
-4.707333
-52.876922
-38.704808
-4.478224
-27.699180
-4.663410
-36.218637
-4.709711
-4.692590
-31.676803
-27.178719
-4.570143
-24.978676
-28.052019
-4.601235
-2.242591
-2.345167
-2.169071
-1.830129
-1.927172
-2.838321
-1.472425
-1.824168
-1.706000
-4.515390
-4.438381
-4.463030
-4.697726
-4.611555
-4.473735
-4.551136
-34.332275
-4.605989
-2.884402
-2.349358
-2.026842
-2.593229
-2.874319
-3.119068
-1.887582
-1.922289
-2.014426
-1.957317
-3.288152
-2.392790
-3.187782
-2.963085
-3.358201
-2.166287
-1.957425
-1.524829
-1.720368
-4.577454
-37.064025
-4.496519
-4.595660
-4.441009
-4.556303
-4.566281
-4.560935
-26.186194
-55.851692
-4.512330
-2.980961
-3.113615
-2.462844
-1.840211
-2.264437
-2.711099
-2.506505
-2.665827
-3.077782
-2.382165
-1.906610
-2.522719
-2.715034
-3.056292
-1.764358
-1.761372
-1.891056
-4.595128
-4.779936
-4.710646
-4.398877
-4.507684
-38.932721
-29.777066
-4.722442
-50.931791
-4.512623
-4.609950
-34.353304
-4.509152
-4.524265
-28.099749
-4.684433
-4.710042
-4.411945
-35.087482
-29.275515
-41.441712
-41.386526
-4.684958
-4.658268
-2.279871
-2.015635
-2.298708
-2.247876
-3.259333
-2.899560
-3.185165
-3.490070
-3.214778
-2.041619
-3.113207
-2.586275
-2.945629
-3.187906
-45.524053
-2.127554
-1.755070
-2.628394
-2.854688
-2.805438
-2.139621
-1.685602
-2.533471
-1.804970
-2.342981
-2.281500
-2.418291
-2.970264
-2.624574
-2.069982
-3.240793
-2.076628
-2.930449
-1.688918
-3.045551
-4.658010
-2.641878
-2.575029
-2.508662
-2.288497
-2.071088
-4.592940
-2.715157
-3.340079
-1.993232
-1.909218
-2.154057
-1.749944
-2.080194
-3.218694
-2.870205
-2.861249
-1.788091
-4.697573
-4.660444
-3.482182
-1.977820
-1.836657
-4.649584
-2.126189
-4.665919
-4.610879
-50.897011
-4.535662
-4.623961
-46.061996
-33.522002
-4.636229
-36.573032
-4.555389
-34.576558
-4.507643
-4.754909
-23.104940
-4.516927
-4.556599
-4.567292
-4.506573
-4.501483
-4.450705
-4.590434
-4.433102
-3.008944
-4.485245
-4.417780
-4.561932
-4.525781
-4.575939
-41.619476
-4.490822
-4.620731
-4.668543
