-502.159261
-502.097465
-170.174128
-42.569031
-115.017801
-170.231236
-338.009331
-254.426671
-502.131453
-502.134494
-87.244843
-128.848176
-204.686873
-30.189912
-105.555048
-502.167799
-66.554380
-5.853562
-21.202810
-94.839230
-78.126364
-336.194748
-502.256791
-203.506085
-147.157517
-336.119388
-502.267321
-502.147824
-336.075256
-5.528657
-502.133051
-24.581668
-5.569201
-502.109055
-205.675169
-336.217290
-255.560882
-502.255462
-336.260533
-504.567993
-336.223552
-6.533778
-204.311886
-6.593656
-29.754075
-130.330901
-7.970289
-61.255529
-17.172969
-62.381246
-253.308843
-502.148661
-336.380848
-36.268805
-17.449283
-336.256210
-336.316142
-30.507896
-4.441629
-336.350609
-67.049166
-37.341533
-31.427450
-18.918825
-129.611129
-502.224209
-502.240895
-27.168820
-5.835764
-502.280916
-64.788164
-502.210822
-5.363999
-29.921304
-502.296862
-4.472695
-4.076960
-25.266078
-337.955434
-502.329917
-5.059441
-502.244281
-16.772223
-4.679225
-170.457911
-502.310722
-20.054453
-49.819613
-502.276788
-1000.000000
-4.172211
-4.902089
-5.568149
-6.909430
-254.497009
-31.393812
-7.434965
-5.575197
-5.414515
-5.217867
-6.123546
-5.491824
-20.056839
-4.849719
-5.392237
-4.607554
-4.767824
-4.811050
-4.995191
-82.083027
-5.669477
-253.120945
-6.883888
-6.891303
-7.327612
-4.479983
-5.392357
-7.233490
-6.806477
-6.733064
-4.543227
-5.201822
-6.212697
-4.469293
-5.080578
-5.898038
-5.861299
-5.589161
-336.299139
-5.422191
-65.050220
-5.739215
-4.713940
-5.242655
-4.226974
-6.460961
-5.197628
-5.220186
-5.001977
-4.957473
-5.695953
-6.087534
-5.864073
-5.018003
-5.481373
-5.955448
-5.567163
-6.088517
-68.705468
-5.880080
-4.684637
-6.604262
-5.532997
-7.002933
-72.197252
-5.699807
-6.342806
-5.883516
-6.052358
-5.482397
-5.669708
-6.266536
-5.653883
-5.941222
-5.405351
-5.060199
-5.541771
-5.779308
-5.518577
-5.260203
-5.860467
-5.949356
-5.592121
-6.334603
-502.073202
-5.385191
-4.877607
-5.445200
-5.862341
-5.703525
-4.535713
-5.873073
-6.524736
-5.025185
-6.817174
-6.001627
-4.496438
-4.842880
-5.314549
-5.870411
-4.756062
-6.004900
-5.157050
-4.796463
-5.484793
-5.165754
-4.444595
-4.834831
-6.700136
-6.916028
-5.520556
-5.261289
-3.754003
-4.194645
-5.762301
-15.231101
-4.371354
-5.325882
-4.102034
-5.960244
-6.099682
-4.567618
-4.591428
-5.603225
-4.704396
-5.319074
-5.167235
-6.126175
-5.778814
-5.626833
-6.510270
-45.204402
-3.767169
-5.705084
-4.631673
-4.509481
-4.227169
-4.835850
-14.891049
-4.646088
-5.043046
-5.263304
-3.927673
-4.211447
-5.110297
-4.056971
-4.570758
-5.254673
-4.930231
-4.238822
-4.305513
-5.496351
-26.094005
-4.556172
-8.686132
-7.843129
-6.227731
-5.092900
-6.015799
-4.158121
-7.395214
-8.589326
-4.266112
-21.545527
-4.515596
-4.606545
-19.947075
-3.992501
-4.885287
-4.317478
-3.932075
-4.490990
-4.606090
-4.964355
-4.516516
-4.580489
-4.663738
-4.815896
-4.584413
-5.082813
-6.043897
-5.122963
-4.540046
-4.598453
-5.181035
-7.612020
-5.314943
-5.673221
-4.603676
-4.618287
-5.085243
-4.483200
-4.216880
-4.740298
-4.490201
-5.232714
-4.150609
-5.487966
-4.539227
-4.686410
-5.266507
-5.244391
-4.390144
-4.986570
-4.615725
-5.072382
-4.701446
-4.919412
-5.526772
-5.172667
-4.768159
-4.406601
-4.539436
-4.854189
-4.527499
-4.770005
-4.848555
-4.483726
-4.806507
-4.747918
-3.763611
-4.183144
-4.627833
-4.611989
-4.060537
-5.247702
-5.098506
-4.664859
-4.097934
-4.214220
-4.338398
-4.399655
-4.068008
-4.289300
-4.381257
-4.321791
-4.225090
-5.168787
-4.407124
-5.136237
-4.191923
-4.839392
-4.505247
-5.382163
-4.082380
-3.985435
-4.208626
-3.826159
-4.530492
-3.831231
-3.872513
-4.022014
-4.837559
-5.260820
-5.454085
-4.754658
-5.039035
-5.069875
-5.657564
-4.688320
-4.137867
-3.940235
-3.724544
-4.550706
-3.773708
-3.864042
-3.951101
-4.032625
-3.691610
-3.876504
-4.402451
-4.302392
-3.913503
-4.027286
-3.714245
-4.190576
-4.348777
-4.189971
-4.216670
-4.326238
-4.418481
-4.002885
-4.389332
-4.065388
-4.305413
-5.272019
-4.105843
-4.183821
-4.588804
-4.264217
-4.501597
-4.186186
-3.723660
-4.029519
-3.697516
-3.701434
-4.331899
-4.496267
-3.570366
-3.739949
-3.736399
-3.700770
-3.701899
-3.592588
-4.102494
-3.949732
-3.904443
-3.785602
-4.404445
-4.602094
-4.192458
-5.364164
-4.709213
-4.551687
-4.448880
-4.799983
-4.832427
-4.355803
-4.481150
-7.589485
-4.030092
-4.577408
-4.277253
-4.235389
-3.683734
-3.829457
-3.898496
-4.058343
-3.970388
-3.897009
-3.893690
-4.258933
-4.082836
-4.148946
-4.842134
-3.949667
-3.468462
-4.038943
-4.391368
-4.138674
-4.052743
-3.833838
-4.216002
-4.652128
-3.883745
-3.992183
-9.283431
-4.317291
-4.551715
-4.571249
-4.282988
-4.641272
-4.271631
-4.592114
-4.134491
-4.302321
-4.129144
-337.773238
-4.526737
-4.263621
-4.062674
-4.620721
-5.113735
-4.365424
-4.799288
-4.715100
-4.187318
-4.571892
-4.480146
-4.418810
-4.564433
-4.565848
-5.329929
-4.101276
-4.078585
-4.157208
-4.019139
-3.851293
-3.883933
-3.925982
-3.841635
-4.642412
-4.411393
-4.396567
-4.794189
-4.494557
-4.472699
-4.492001
-4.245642
-4.259594
-3.926784
-4.127021
-4.428436
-4.539042
-4.058375
-4.153763
-4.309198
-4.405365
-4.095821
-4.116023
-4.503575
-4.173690
-4.273667
-4.465950
-4.649238
-3.706215
-3.872337
-3.721146
-3.475114
-3.632654
-3.706208
-3.640476
-3.631751
-4.038104
-3.850387
-3.694422
-3.800067
-4.535323
-3.498885
-3.649871
-3.825325
-4.234492
-4.042388
-4.682531
-4.571464
-4.119494
-4.422716
-4.262413
-4.403293
-3.607979
-3.670667
-3.618224
-3.559124
-3.752571
-3.796575
-3.620700
-3.810193
-3.804756
-3.546572
-3.586203
-3.666775
-3.638723
-4.276954
-3.861075
-3.905666
-3.861437
-3.781416
-3.721280
-3.798426
-3.913275
-3.572062
-3.835580
-3.785363
-4.786740
-4.110021
-3.965701
-3.650207
-4.681795
-4.005466
-4.303993
-3.822032
-3.774781
-3.603244
-4.015565
-3.761158
-3.806602
-3.966972
-3.694582
-3.638862
-3.571787
-3.559604
-3.551833
-3.598507
-3.549832
-3.654498
-3.574312
-3.638930
-3.647274
-3.663478
-3.676650
-3.431392
-3.842066
-3.410633
-4.126856
-3.742432
-4.464245
-4.825182
-4.408875
-4.188494
-5.240221
-4.732021
-4.174166
-4.364217
-3.638596
-3.541380
-3.617919
-3.925935
-3.486770
-3.817109
-3.811496
-3.662322
-3.652902
-3.936274
-3.995041
-4.464779
-3.865899
-4.300833
-3.866781
-3.829141
-9.227348
-3.819539
-4.265114
-3.982080
-3.635443
-3.965773
-3.745958
-3.801235
-3.914662
-4.007816
-3.786660
-3.755584
-3.709992
-3.781847
-3.810023
-3.963432
-3.855170
-3.871836
-3.510803
-3.615949
-3.660579
-3.668295
-3.521536
-3.919434
-3.757681
-3.871138
-3.793602
-3.495641
-3.769110
-3.910935
-3.603903
-3.720738
-4.169284
-4.333163
-4.776012
-4.232157
-6.797479
-4.826208
-4.741373
-4.405239
-4.141114
-3.904473
-3.827143
-3.894258
-3.777314
-4.173526
-3.680139
-3.873786
-3.719705
-3.390772
-3.746033
-3.712969
-3.891720
-3.798847
-3.541156
-4.061620
-3.581515
-3.441306
-3.756378
-3.777952
-3.397169
-3.723837
-3.981969
-3.444857
-3.763072
-3.859101
-3.754638
-3.746573
-3.906308
-3.419794
-3.516071
-3.469907
-4.034893
-3.600103
-4.032618
-3.818018
-3.455485
-3.527618
-4.182545
-4.223080
-3.899244
-3.654646
-4.010006
-3.817770
-3.845509
-3.586891
-3.744028
-3.751848
-3.826768
-3.301827
-3.892217
-3.961218
-4.001723
-4.122238
-3.831995
-3.832688
-3.756301
-3.755313
-3.744030
-3.876535
-3.404251
-3.565490
-3.979860
-3.869417
-4.355406
-4.419795
-4.123855
-4.211451
-4.130175
-3.972959
-3.891931
-3.594976
-4.124822
-4.125305
-3.802730
-4.429212
-3.839067
-5.363849
-3.846052
-3.818701
-3.527866
-3.622707
-3.540070
-3.836913
-3.487618
-3.445547
-3.632921
-3.340226
-3.584943
-3.623098
-3.326323
-3.449928
-3.684224
-2.142116
-3.655239
-3.605417
-3.397740
-3.968545
-3.738183
-3.599778
-4.174011
-3.427581
-3.200046
-4.068467
-4.002726
-3.230929
-3.771397
-3.734930
-3.674077
-3.775857
-3.843909
-3.887240
-3.424949
-3.921595
-3.617182
-3.324911
-3.670939
-3.438774
-3.519027
-3.678859
-3.713719
-3.810564
-3.776592
-3.574398
-4.031283
-3.374085
-3.684422
-3.573582
-3.394223
-3.471463
-3.596117
-3.310631
-3.681816
-3.476231
-3.591310
-3.295999
-3.512414
-3.633813
-3.543638
-3.556467
-3.394734
-3.167876
-3.708133
-3.500087
-3.754892
-3.504033
-3.882001
-3.611625
-3.975745
-3.745026
-3.317159
-3.961631
-2.987854
-3.740297
-5.631744
-4.475737
-3.927510
-3.821367
-4.498068
-4.667508
-3.153024
-3.361764
-3.498696
-3.570829
-3.573080
-2.781842
-3.699580
-3.510549
-3.271555
-3.600411
-3.631940
-2.515735
-3.702374
-3.564640
-3.268672
-3.715999
-3.566834
-3.652515
-3.550364
-3.675290
-3.365277
-3.261053
-3.540878
-3.006075
-2.998897
-3.552955
-3.330804
-3.816799
-3.746624
-3.830347
-3.786348
-3.514644
-3.761452
-4.038350
-4.001810
-3.881116
-4.060592
-3.853293
-3.744585
-4.140832
-3.721517
-3.853131
-3.694123
-3.518557
-3.804996
-3.448234
-3.523693
-3.297859
-3.560491
-3.232198
-3.636482
-3.903092
-16.501961
-3.399701
-4.138464
-3.731011
-3.439981
-3.877131
-4.769879
-3.921161
-2.729557
-3.904424
-3.640941
-3.090130
-3.728635
-3.340190
-3.506672
-3.752087
-2.550068
-3.331533
-3.872500
-3.428574
-3.460083
-3.752474
-3.673966
-3.238902
-3.585432
-4.178102
-3.377257
-2.536781
-3.474817
-3.573583
-3.558521
-3.019143
-2.696016
-3.258445
-3.869061
-3.438740
-3.405144
-3.277243
-3.785696
-3.996015
-4.634325
-3.695644
-3.568953
-4.055495
-3.074308
-3.444414
-3.468837
-3.304649
-3.543246
-3.351798
-2.432649
-3.713923
-2.974861
-3.242028
-3.740490
-3.264289
-3.282753
-3.193680
-3.014343
-3.365977
-3.546192
-3.290812
-3.279842
-3.007324
-3.228640
-3.664753
-13.364552
-29.347678
-3.941918
-3.360827
-3.305044
-3.400000
-3.413510
-17.692408
-3.104195
-28.585885
-4.153470
-3.254995
-6.546228
-4.347484
-3.211313
-4.181911
-17.328540
-4.620831
-3.407243
-13.440014
-4.275407
-3.392083
-24.499779
-4.028221
-14.316543
-3.704991
-2.641476
-3.550581
-2.532755
-3.137654
-3.013443
-3.281397
-3.371163
-2.929341
-3.094138
-2.873108
-2.685623
-3.531792
-3.875398
-3.262527
-3.609901
-3.382633
-3.150255
-3.966114
-3.286726
-22.208963
-4.044960
-2.907711
-3.250094
-3.402730
-3.930338
-3.625736
-3.451689
-25.457727
-3.249159
-3.156899
-3.348499
-3.550298
-3.177972
-3.521646
-3.244127
-3.175217
-5.250012
-4.458073
-4.060945
-7.526310
-4.304600
-6.343955
-4.758333
-4.365633
-2.714496
-3.003534
-3.643932
-2.799002
-3.040231
-2.988599
-3.061913
-3.560930
-4.398473
-17.095873
-4.685515
-7.401425
-4.792877
-6.837557
-7.557394
-7.232743
-4.505604
-3.802287
-20.154197
-3.405900
-3.746218
-3.224755
-9.232004
-3.927216
-3.494832
-3.796907
-3.646371
-3.116579
-3.052547
-3.817832
-3.659765
-2.761416
-2.970052
-3.312255
-2.957432
-3.191980
-2.943362
-3.787856
-3.364796
-3.903493
-2.844984
-3.673425
-3.830114
-3.771748
-3.669458
-3.299147
-2.694217
-2.910887
-3.112555
-2.947990
-2.678101
-2.567342
-3.255918
-3.741105
-3.453328
-3.026200
-1.976000
-2.942929
-2.912058
-3.160462
-2.996618
-3.352523
-2.912520
-3.339695
-2.381531
-3.018547
-2.788479
-2.968573
-2.991309
-2.123785
-3.364639
-3.088006
-3.473179
-2.831435
-3.050677
-2.453089
-3.430913
-3.716252
-2.287752
-3.040629
-3.206256
-3.599813
-3.463601
-2.465108
-2.673013
