-502.091613
-336.275044
-203.684436
-51.709725
-502.206681
-336.306092
-253.273897
-4.516508
-336.374500
-502.237328
-502.157306
-66.835414
-4.683341
-336.427012
-33.024369
-502.141443
-336.242830
-502.124981
-502.234921
-51.846302
-39.974122
-253.225958
-336.265446
-203.326901
-4.673046
-4.695392
-203.513433
-146.706324
-4.574812
-63.200494
-253.251936
-3.939586
-103.936947
-253.428426
-59.774355
-502.294895
-336.226678
-4.581942
-81.042664
-38.863973
-253.523423
-15.210848
-146.754102
-2.966740
-3.150457
-170.405504
-502.319603
-502.263336
-35.707134
-336.345667
-4.539831
-3.090369
-14.591996
-3.732906
-104.128180
-95.024284
-4.671786
-253.416177
-36.504266
-253.431774
-4.097120
-49.700713
-59.849599
-36.559784
-3.660260
-3.596369
-2.792446
-75.641342
-146.724217
-14.498410
-4.254083
-502.190873
-4.611066
-4.599712
-3.962145
-4.303474
-44.443158
-3.690330
-336.115562
-4.645262
-4.672523
-502.095237
-336.145348
-4.400157
-42.972701
-502.189255
-3.898964
-3.463501
-502.169426
-4.441431
-4.553822
-3.275373
-3.639090
-3.325109
-3.757047
-3.608779
-4.484007
-2.768611
-3.502083
-3.511597
-4.079845
-3.350153
-75.677580
-3.844452
-3.710351
-4.457240
-4.533273
-4.616315
-4.159876
-4.612714
-15.386710
-4.699492
-4.228277
-3.129371
-3.549336
-3.894284
-3.740335
-3.374022
-3.637822
-3.734459
-3.285905
-25.998655
-17.780605
-4.253313
-3.462056
-502.070058
-14.953529
-20.524162
-3.879753
-15.874429
-16.668493
-4.692965
-3.380137
-3.207388
-3.606023
-3.193776
-3.747476
-3.882381
-4.060182
-3.429575
-19.120447
-20.885961
-21.007209
-30.467138
-22.322565
-19.615474
-16.832312
-38.385803
-14.860042
-32.497741
-3.266245
-22.820386
-13.352193
-15.721066
-14.127736
-19.172446
-12.991792
-14.728338
-15.260962
-4.585653
-23.482045
-2.968157
-2.911645
-3.560484
-3.719975
-3.361458
-17.310936
-3.829821
-3.299644
-3.401489
-3.286033
-3.439908
-3.539884
-3.102698
-3.267599
-3.894499
-4.190888
-3.816374
-3.547856
-3.108848
-3.435922
-3.534512
-3.688824
-3.530037
-3.241853
-3.253008
-3.801800
-3.710880
-3.687971
-4.702296
-3.738637
-3.643363
-4.039887
-3.482283
-14.148504
-4.053863
-3.762452
-4.799512
-3.576951
-3.726194
-3.898530
-3.413433
-3.828814
-3.586388
-3.894419
-3.492432
-3.767832
-4.129511
-3.590306
-4.596970
-3.650898
-4.325484
-13.878046
-3.377246
-4.466499
-3.383906
-3.370034
-3.471875
-3.418978
-3.396980
-3.414774
-3.551274
-3.456563
-3.466498
-3.479432
-3.474604
-3.281072
-3.068643
-3.625688
-3.232446
-3.578591
-3.643035
-3.590195
-4.268465
-3.691039
-3.552378
-3.796659
-3.643347
-4.019089
-4.346250
-4.230854
-4.458499
-4.191335
-3.377956
-3.675164
-2.994656
-3.284210
-16.078086
-4.686908
-4.766155
-3.597259
-4.539916
-4.790512
-21.930054
-3.330421
-3.493982
-4.529075
-4.640829
-3.132031
-3.834639
-4.495235
-4.196238
-4.054077
-4.667110
-3.377577
-2.800292
-3.216848
-2.690631
-2.863411
-4.367977
-4.643040
-3.061403
-3.089668
-4.604246
-2.880755
-2.681501
-2.844853
-2.340800
-3.054648
-2.974420
-3.880791
-3.683726
-3.796518
-3.435707
-3.028714
-4.780789
-13.890050
-2.987736
-2.836924
-3.309113
-2.542016
-3.298452
-2.623772
-3.050667
-3.605794
-2.872829
-2.822401
-3.331261
-2.978807
-2.737474
-3.230234
-3.215850
-2.980780
-3.093740
-3.119205
-2.995972
-20.422879
-3.886097
-3.715355
-13.780756
-4.352998
-2.891560
-4.451523
-4.086008
-2.936081
-2.484614
-2.880584
-2.597889
-2.545842
-2.091611
-3.133779
-2.452356
-2.282849
-2.986481
-2.358245
-3.046222
-2.561413
-2.348841
-2.629456
-13.279103
-2.577896
-2.864909
-2.803484
-2.276445
-2.843757
-2.598355
-3.023185
-4.538524
-2.734664
-2.494843
-2.552562
-2.776424
-2.873660
-23.071405
-2.515350
-3.143944
-27.067684
-4.654674
-2.816856
-2.679970
-2.717220
-30.018127
-4.095683
-32.097937
-3.053284
-2.818506
-4.499867
-2.408838
-13.871802
-13.608087
-3.107357
-16.842933
-2.538966
-13.777718
-14.015168
-2.854934
-14.602237
-21.281887
-2.338241
-2.590626
-2.259762
-3.168539
-2.563998
-3.176319
-3.022414
-2.026353
-2.615354
-2.268630
-2.072460
-13.626976
-2.618928
-16.550984
-4.686629
-3.013356
-2.846618
-2.576846
-28.796739
-23.251841
-2.924854
-3.249570
-2.134287
-3.210428
-2.540199
-2.834203
-2.687179
-2.543632
-3.077594
-3.274755
-3.172354
-2.343288
-2.178170
-2.972097
-2.910768
-2.607735
-3.269763
-2.361311
-3.014320
-3.065841
-2.786571
-2.516997
-2.813169
-2.638867
-2.395027
-2.768496
-2.839521
-2.218619
-1.762993
-2.767633
-2.029344
-2.944228
-2.647322
-3.263847
-2.173580
-2.600620
-30.052635
-3.113261
-2.410530
-2.677398
-2.219321
-2.465722
-2.322276
-2.572856
-2.174497
-2.719009
-2.343135
-2.636672
-2.165795
-2.779148
-2.554852
-2.112505
-3.412176
-2.582148
-2.566461
-2.310034
-2.806148
-2.414867
-2.410860
-3.488553
-3.026749
-2.356013
-3.709621
-2.215254
-17.838716
-4.603816
-2.425542
-2.805028
-2.809201
-2.731288
-2.386473
-4.299399
-2.987646
-2.418391
-3.857987
-2.496513
-2.393290
-4.400874
-2.285046
-2.309132
-2.328983
-2.244040
-22.052315
-2.855432
-4.737315
-15.288683
-21.078338
-4.800219
-3.178855
-4.489174
-20.751566
-3.396856
-2.770623
-2.760347
-4.541315
-2.472787
-4.695836
-2.988985
-2.331241
-2.434324
-2.304985
-2.780822
-3.786686
-2.933637
-2.313574
-2.398926
-3.217760
-2.323632
-2.418493
-2.177874
-2.093800
-2.404341
-4.208285
-3.600268
-2.028331
-2.304425
-2.185012
-3.404106
-2.583130
-2.590732
-2.435620
-2.139273
-2.738097
-2.763836
-4.680609
-4.653352
-2.421067
-2.627890
-2.813208
-2.134505
-2.511161
-2.744291
-2.586019
-2.956868
-2.922362
-3.027248
-2.412835
-2.355256
-2.753555
-2.509952
-2.177743
-2.492132
-2.557100
-2.588237
-2.451896
-2.755359
-2.502926
-2.926045
-2.233337
-2.703765
-2.451392
-2.420531
-2.554761
-2.585400
-4.698982
-2.415228
-1.983518
-2.724480
-2.501170
-2.589567
-3.895122
-2.616450
-3.085327
-2.506055
-3.050966
-3.561640
-2.542563
-2.474416
-2.248326
-3.219542
-2.807275
-2.736296
-3.451113
-4.694650
-1.984963
-2.565688
-4.345600
-2.723162
-3.533122
-2.315234
-2.784527
-4.689031
-2.315460
-2.562282
-2.734692
-3.469572
-2.905100
-3.577996
-2.361701
-2.046531
-2.532150
-2.455593
-2.794269
-2.357372
-2.041101
-2.509372
-2.141743
-15.066151
-2.748903
-2.923720
-2.534957
-2.500446
-3.450667
-2.985168
-2.650621
-3.288616
-3.187308
-2.530575
-2.782618
-3.548535
-3.261959
-4.376069
-16.281236
-2.876103
-2.724139
-3.204075
-3.049759
-3.271538
-2.710402
-2.560948
-2.422208
-2.427801
-2.366416
-2.292355
-2.398869
-2.007913
-2.236981
-2.199907
-2.176264
-2.439087
-2.337174
-2.770838
-2.345318
-2.249253
-2.435432
-2.391640
-2.912370
-2.258577
-2.255589
-2.677741
-2.102493
-2.147392
-2.995022
-2.521682
-2.888909
-3.337804
-2.395925
-2.669681
-4.522033
-2.597401
-3.154985
-2.481527
-2.213614
-2.508351
-2.776841
-4.181625
-2.695220
-2.627548
-2.567227
-2.736860
-2.438673
-2.387940
-2.861226
-3.004515
-2.446412
-2.286598
-2.430164
-2.405155
-2.472232
-1.999320
-3.122169
-2.427635
-3.327973
-2.281395
-2.643673
-3.857019
-2.359620
-2.862654
-2.426345
-2.377732
-2.883684
-2.674104
-2.447761
-2.732965
-2.916949
-2.261791
-2.664426
-2.984875
-3.322530
-2.602071
-2.581054
-2.724098
-2.869056
-2.843866
-2.934410
-4.664434
-2.843340
-2.999159
-3.422518
-3.236265
-4.016162
-3.113696
-3.030646
-2.573032
-2.850257
-2.960470
-2.711276
-3.165448
-4.604122
-3.002626
-2.792078
-2.941857
-3.239169
-2.615714
-2.812285
-2.722755
-3.294957
-3.395019
-3.181755
-2.958806
-3.068229
-2.751342
-3.428777
-3.051602
-2.999739
-3.006973
-2.670740
-2.757737
-2.404011
-2.860245
-2.591274
-2.602221
-2.538794
-3.068117
-2.708548
-2.270695
-3.039408
-2.563083
-3.258976
-2.973793
-2.508911
-2.552532
-3.534804
-2.692797
-2.650940
-2.611517
-2.552102
-2.655851
-2.430086
-2.764782
-2.697668
-2.401570
-2.259904
-2.508848
-2.360102
-2.546947
-2.640581
-2.412585
-2.812788
-2.481271
-2.735039
-2.788782
-2.492653
-2.430718
-2.309956
-2.129384
-2.451611
-2.495368
-2.270287
-2.638243
-2.569540
-2.421068
-2.797514
-2.527041
-2.742379
-2.912388
-2.779031
-2.780017
-2.471989
-2.514688
-2.181551
-2.799381
-2.492949
-2.381843
-3.273335
-2.923018
-2.542807
-2.529633
-2.812556
-2.948817
-3.018993
-3.339533
-2.803336
-3.428113
-3.067206
-3.129982
-3.414820
-2.194061
-2.420725
-2.618247
-2.125307
-2.798106
-2.258015
-2.273589
-2.068918
-2.488507
-2.461267
-2.625085
-3.071134
-2.995541
-3.390435
-3.007043
-2.826309
-2.969491
-3.140386
-3.496472
-3.151648
-2.648141
-2.847209
-2.716031
-3.171782
-3.067717
-2.422647
-2.978858
-2.184432
-2.120030
-2.633890
-2.302883
-2.263418
-2.370070
-2.455884
-2.820644
-2.496604
-2.722007
-2.793953
-2.051092
-1.959147
-2.480696
-2.420977
-2.229076
-2.092536
-2.881050
-2.342134
-2.528396
-2.282141
-2.413675
-2.342764
-2.743951
-2.091159
-2.484110
-2.635883
-2.254162
-2.163385
-3.019154
-2.176286
-2.312748
-2.647221
-2.025441
-2.514280
-2.108506
-1.994702
-2.850724
-2.536612
-2.851110
-2.631555
-2.553950
-2.782551
-2.550559
-2.661967
-2.339362
-2.800394
-3.007668
-2.563409
-2.855390
-2.751146
-2.284665
-2.584221
-2.620771
-2.883584
-2.421592
-2.752466
-3.163427
-2.643349
-2.308438
-2.476211
-2.556773
-3.351758
-2.232765
-2.789310
-2.741686
-2.773119
-2.304374
-2.309234
-2.465581
-2.177844
-2.215422
-2.233722
-2.378296
-2.529295
-2.597760
-2.763467
-2.650477
-3.247155
-2.697194
-2.797546
-2.913322
-2.661431
-2.626003
-2.438885
-2.475988
-2.870816
-2.634576
-2.887546
-3.321524
-2.750801
-3.226573
-2.922901
-3.234835
-2.694562
-2.576520
-2.340489
-2.910163
-2.968612
-2.594023
-2.337910
-2.310822
-2.594589
-2.560371
-2.534603
-2.754467
-2.772377
-2.590829
-2.410086
-2.519966
-2.358432
-2.449918
-2.693573
-1.809618
-2.581561
-2.887256
-2.735883
-2.720012
-2.475049
-2.082210
-2.331271
-2.464422
-2.630306
-2.219430
-2.093326
-2.619376
-2.517652
-2.727746
-2.845253
-2.378372
-2.682978
-2.317237
-2.411830
-3.010050
-2.258984
-2.855200
-2.518221
-2.071701
-2.423799
-2.521286
-2.737652
-2.653363
-2.587858
-2.359636
-2.839660
-2.620223
-2.377006
-2.589008
-2.335924
-2.042239
-2.819946
-2.229310
-2.389892
-2.401819
-2.807555
-2.869133
-2.815751
-2.875543
-2.909637
-2.480106
-2.967238
-2.582420
-2.824293
-2.884696
-2.069343
-2.566123
-2.432445
-2.674424
-2.566515
-3.022045
-2.700866
-2.010972
-2.725394
-2.603127
-2.171463
-2.651127
-2.854904
-2.529736
-3.047899
-2.161304
-2.459552
-2.654376
-2.373979
-2.264536
-2.177710
-2.728141
-2.320122
-2.725463
-2.487644
-2.491687
-2.822273
-2.606944
-2.725107
-2.738266
-2.994889
-2.620934
-2.346995
-2.564072
-2.130632
-2.734412
-2.619722
-2.838158
-3.202529
-2.544749
-2.402050
-2.848941
-2.625296
-2.320525
-2.277813
-2.568748
-2.166529
-2.143320
-1.992975
-2.338073
-2.652678
-2.761931
-2.690945
-2.680424
-2.428467
-2.781647
-2.746124
-2.788163
-2.502690
-2.267928
-2.250340
-2.714283
-3.410354
-3.294313
-2.406669
-2.831324
-2.814586
-2.852881
-2.819287
-2.695840
-3.323560
-3.400818
-3.297350
-2.478833
-3.552263
-2.504484
-3.412284
-3.264474
-2.747395
-2.138659
-2.436465
-2.874414
-2.854572
-2.802014
-2.185427
-2.810242
-3.009128
-2.169498
-2.614969
-2.474513
-2.587393
-2.390089
-2.809287
-2.209249
-2.384701
-2.680808
-2.742169
-2.590462
-2.722774
-2.061707
-3.570580
-2.768307
-3.068362
-3.267586
-3.160120
-3.295425
-3.081226
-2.791189
-3.634758
-2.881621
-2.750141
-3.027035
-3.147584
-2.279505
-3.418061
-3.286209
-2.829483
-2.915777
-3.170319
-3.090254
-2.813252
-2.978619
-2.875470
-2.724254
-2.273705
-2.804956
-2.647553
-2.599962
-2.603969
-2.144271
-2.415269
-2.321273
-2.562268
-2.749979
-2.287452
-2.939639
-2.750475
-3.113021
-2.750958
-2.740057
-3.063086
-2.544142
-2.228363
-3.190638
-2.389845
-2.799157
-2.958192
-2.232384
-3.178035
-3.009140
-3.227444
-2.536777
-3.082443
-3.061567
-3.454047
-3.411113
-3.568906
-3.554738
-2.620940
-3.094281
-3.418017
-2.870497
-3.054836
-2.862627
-3.106587
-2.946537
-2.802970
-3.039274
-2.380145
-2.628622
-2.324833
-2.126777
-2.685590
-2.333628
-2.905934
-2.512029
-2.923734
-2.661950
-2.761225
-2.175609
-2.385959
-2.930402
-3.043650
-2.066431
-2.583706
-2.654620
-2.568941
-2.820785
-1.764532
-2.883148
-2.939523
-2.851471
-2.604793
-2.354530
-2.465104
-2.160558
-1.970306
-2.412954
-1.900533
-2.145481
-2.828878
-1.600007
-2.240973
-2.952006
-2.517494
-2.430271
-3.179019
-2.289679
-2.458241
-2.063811
-2.793443
-2.752640
-2.299960
-2.404244
-2.269736
-2.328662
-2.690502
-2.617999
-2.122737
-2.435318
-2.398581
-2.290316
-2.638583
-2.918011
-2.445869
-2.596285
-2.277392
-2.859065
-1.876558
-2.182796
-2.571588
-2.124424
-2.942174
-2.492136
-2.358975
-2.771482
-2.506495
-2.717124
-2.258604
-2.618957
-2.982723
-2.277430
-2.113811
-1.661865
-2.530960
-1.892695
-2.821862
-2.818898
-2.268009
-2.918550
-1.984535
-2.727130
-2.772146
-2.709196
-3.128995
-2.591740
-2.582056
-2.962940
-2.771607
-2.520913
-2.556918
-2.643513
-2.800209
-2.515398
-2.841093
-2.743455
-2.648324
-2.716762
-2.666921
-2.715086
-2.468569
-2.467734
-2.827561
-2.497780
-2.596427
-2.207880
-2.642060
-2.842699
-2.655803
-2.620253
-2.990312
-3.550767
-2.613391
-3.254401
-2.816028
-2.974584
-3.318800
-2.644509
-2.573242
-3.546496
-3.150609
-3.196623
-2.826851
-3.152366
-2.619551
-3.037892
-2.889407
-2.926246
-2.710249
-2.948577
-2.822055
-2.830889
-2.968322
-2.222494
-2.757850
-2.939578
-2.751008
-2.525311
-2.822301
-2.783611
-2.541821
-2.941079
-2.741561
-3.281190
-3.031806
-3.332961
-3.183099
-3.087973
-2.473129
-2.829102
-3.388834
-3.119230
-3.420602
-2.998161
-2.692605
-25.339918
-3.324019
-3.322595
-2.552877
-2.417059
-3.163923
-3.036016
-3.060430
-3.604085
-2.639699
-3.123663
-3.680784
-2.523748
-2.335497
-2.656402
-2.671360
-2.955168
-3.033952
-3.290803
-2.452744
-2.724939
-2.926976
-3.062369
-3.102575
-3.131148
-2.770547
-2.934980
-3.175925
-2.470991
-3.528129
-2.907841
-2.763586
-3.893350
-2.880973
-3.725960
-2.667545
-3.489716
-3.782547
-3.650970
-2.394843
-2.451684
-3.084449
-2.420673
-1.929037
-2.342604
-3.004611
-2.045591
-2.959117
-1.984856
-2.433080
-2.792278
-2.047114
-2.342158
-1.905809
-2.154405
-2.907659
-2.564839
-3.099067
-2.587015
-2.884754
-2.877194
-3.060767
-2.406638
-2.552587
-21.194119
-2.830691
-2.820086
-3.087597
-2.414608
-1.892252
-2.555410
-2.783148
-2.279628
-3.094465
-33.133569
-2.854020
-2.657670
-2.722917
-2.628210
-2.588289
-2.890467
-2.444055
-2.773807
-2.376173
-2.696915
-2.399808
-2.366217
-1.759615
-1.926654
-2.052301
-1.934702
-2.750888
-2.424216
-2.661082
-2.328405
-1.982919
-2.663218
-2.613691
-2.417614
-2.412044
-2.835565
-2.835348
-1.798497
-2.005974
-2.671153
-2.362280
-2.916504
-2.078273
-2.349938
-1.844484
-2.138328
-2.847977
-2.804338
-2.205092
-2.213532
-1.692491
-2.701890
-3.006555
-2.157925
-2.407466
-2.703234
-2.197719
-2.697589
-2.919209
-2.415032
-2.567540
-2.722343
-2.927798
-2.756519
-2.808299
-2.830727
-2.507373
-2.600646
-2.710393
-2.655103
-2.943594
-2.586609
-2.726444
-3.128340
-2.631211
-2.716731
-2.688092
-2.765384
-2.234466
-2.781648
-3.085574
-3.026515
-2.861347
-2.974015
-2.565492
-2.461631
-1.698271
-1.917528
-2.383259
-1.980996
-2.220884
-1.742539
-1.931960
-2.810518
-2.336341
-3.080627
-2.430842
-2.238494
-3.044822
-2.629847
-3.078702
-2.502213
-2.721409
-2.125032
-2.816002
-2.676646
-3.164532
-3.331659
-3.304282
-2.502211
-2.648323
-3.092044
-3.004464
-2.910096
-2.818655
-3.006140
-2.528635
-2.736098
-3.138980
-2.260833
-2.307368
-2.944802
-2.398072
-3.079697
-3.077814
-3.074274
-2.526396
-3.227863
-2.785665
-2.857578
-2.731372
-2.810386
-2.566423
-2.450012
-2.981562
-3.057370
-2.977983
-3.032509
-2.941375
-3.198746
-2.610097
-3.119728
-2.639491
-3.336654
-3.121225
-2.188073
-3.307057
-2.712015
-2.872954
-2.795153
-2.764338
-2.448462
-2.872080
-2.596596
-2.491533
-2.442016
-2.878780
-2.808623
-2.690613
-3.149725
-3.000999
-2.489559
-2.412174
-2.479343
-2.533507
-2.669582
-2.666578
-2.398111
-2.901130
-2.193895
-2.881645
-2.251116
-2.375061
-2.997727
-2.660782
-2.518778
-2.484375
-2.730461
-2.285386
-2.833135
-2.598800
-2.150404
-2.696141
-2.269868
-4.165613
-2.630782
-3.098400
-2.774080
-2.746959
-3.030537
-2.756017
-2.795471
-3.125099
-2.459343
-3.102271
-3.281332
-2.575645
-2.991805
-3.254985
-2.679309
-3.170945
-2.392292
-2.726762
-2.860319
-2.850286
-3.367029
-2.850483
-2.529645
-2.855401
-2.992001
-3.202381
-2.573120
-2.432366
-2.915915
-3.459056
-2.842678
-2.805354
-1.903257
-2.130532
-2.077854
-2.613280
-2.030914
-2.278061
-2.498542
-2.230210
-1.934138
-2.568004
-2.114548
-2.618317
-2.056969
-1.924101
-2.687868
-2.751560
-2.504566
-2.407414
-2.176061
-2.367014
-2.459893
-2.437483
-2.112446
-2.390189
-2.641240
-2.659857
-2.567350
-3.111255
-2.865661
-2.288764
-2.039574
-2.302381
-3.125650
-2.741586
-2.720274
-2.186789
-2.336319
-2.580423
-2.666256
-2.807090
-2.083851
-2.315547
-2.586186
-2.587659
-3.144212
-2.965984
-2.457769
-3.120466
-2.347138
-2.149308
-2.505893
-3.066790
-2.564260
-2.754745
-2.662740
-3.078479
-2.850829
-2.863408
-2.421216
-2.943857
-2.898105
-2.869649
-2.694080
-2.427137
-2.393762
-2.334057
-2.782764
-2.679271
-2.890631
-2.348305
-2.624931
-1.991405
-2.334686
-2.277151
-2.521227
-2.251735
-2.166152
-1.985229
-2.181661
-2.677361
-2.793048
-2.020605
-2.201118
-1.882953
-2.985933
-2.053608
-2.343099
-2.571249
-2.649655
-2.803581
-2.704460
-2.951295
-2.409868
-2.432273
-2.917026
-2.683907
-2.842504
-2.307405
-2.507963
-2.763326
-2.144477
-2.790118
-2.480006
-2.373003
-2.994002
-2.498612
-2.575246
-2.351745
-2.391347
-2.666086
-2.634341
-2.244510
-2.484193
-2.353334
-2.568345
-2.420770
-3.099510
-2.521462
-2.736876
-2.670434
-2.688528
-2.887355
-2.909665
-2.254267
-2.608718
-2.423202
-2.905496
-2.405176
-2.514105
-2.534146
-2.809963
-2.494308
-2.142312
-1.881829
-1.934706
-2.717311
-2.609165
-2.160686
-1.895374
-2.206374
-2.400035
-2.329067
-2.165931
-1.845406
-2.071267
-2.444289
-2.038491
-1.963119
-2.015538
-2.142715
-2.653920
-2.149740
-1.817687
-2.202085
-1.785384
-2.008839
-1.969161
-2.514465
-2.148984
-1.954942
-2.164731
-1.986772
-1.932614
-2.177278
-2.365370
-2.407607
-2.642344
-2.301149
-2.493441
-2.560075
-2.004849
