0.036238
0.039559
0.032761
0.030488
0.025802
0.030226
0.027323
0.029022
0.026077
0.029608
0.026778
0.029951
0.028868
0.029053
0.027894
0.025667
0.031652
0.033560
0.031895
0.037052
0.031842
0.031377
0.029792
0.024467
0.028224
0.029226
0.032169
0.033580
0.034419
0.030615
0.033911
0.033103
0.033542
0.035067
0.039050
0.038120
0.037432
0.035418
0.034096
0.032412
0.034503
0.040332
0.036508
0.036438
0.037397
0.038004
0.038124
0.038249
0.042203
0.039337
0.039053
0.042619
0.042331
0.042106
0.043292
0.040526
0.041970
0.044266
0.046841
0.044751
0.043375
0.046789
0.046650
0.040305
0.044524
0.047691
0.047388
0.046454
0.047052
0.042412
0.040373
0.043337
0.042744
0.045655
0.047704
0.048681
0.045808
0.044406
0.047017
0.042709
0.045152
0.045840
0.046391
0.046952
0.044506
0.046147
0.045211
0.041591
0.040847
0.046546
0.045163
0.046504
0.043071
0.045258
0.045308
0.044744
0.045528
0.041993
0.045032
0.043028
0.048995
0.044780
0.042664
0.043725
0.042807
0.042888
0.048611
0.048858
0.048304
0.046013
0.047953
0.048011
0.043547
0.047670
0.047318
0.048381
0.047990
0.045524
0.049263
0.046032
0.048964
0.044347
0.047850
0.043670
0.045038
0.043992
0.047443
0.048733
0.045832
0.048373
0.049691
0.043380
0.045265
0.048353
0.046996
0.048452
0.048337
0.046007
0.047368
0.046311
0.048393
0.045543
0.046706
0.046901
0.039751
0.040812
0.047004
0.048702
0.047064
0.048968
