0.038788
0.038537
0.035763
0.037765
0.027464
0.024104
0.024312
0.025902
0.026570
0.022607
0.027315
0.026832
0.021756
0.027185
0.028472
0.027156
0.025582
0.030885
0.031025
0.028105
0.026840
0.029714
0.025882
0.029899
0.026022
0.019656
0.031344
0.028892
0.021762
0.028111
0.025154
0.028702
0.033678
0.027578
0.033424
0.035151
0.031663
0.032506
0.032135
0.031143
0.035865
0.032087
0.033796
0.034081
0.028721
0.034504
0.035393
0.033617
0.031981
0.036356
0.034772
0.032411
0.033728
0.034605
0.035085
0.034821
0.035000
0.036168
0.032662
0.034221
0.034682
0.038343
0.034193
0.036954
0.033044
0.035487
0.040171
0.042334
0.034516
0.038609
0.035185
0.038499
0.039195
0.038098
0.038201
0.038410
0.037151
0.040127
0.039655
0.040508
0.036509
0.039872
0.038974
0.041780
0.040925
0.043519
0.041550
0.038946
0.038504
0.039887
0.039879
0.042932
0.043198
0.037742
0.037832
0.042860
0.047979
0.042072
0.039998
0.045744
0.041014
0.051075
0.039261
0.038430
0.040716
0.038021
0.044234
0.041456
0.048573
0.047234
0.046776
0.039803
0.038357
0.052333
0.045294
0.049252
0.048286
0.064734
0.052472
0.051903
0.058107
0.047723
0.034169
0.037137
0.056770
0.038616
0.042334
0.049032
0.039619
0.036466
0.036657
0.043745
0.051246
0.044295
0.044525
0.035899
0.038558
0.042178
0.037998
0.041632
0.038030
0.042133
0.043343
0.051243
0.036906
0.044372
0.041467
0.046291
0.047093
0.041726
