-388.463538
-428.820526
-577.161311
-272.946464
-353.443680
-278.647483
-118.302905
-278.363192
-206.338503
-118.140027
-118.076726
-105.967747
-10.574698
-117.915503
-7.491724
-117.716260
-8.057732
-117.673619
-117.751164
-8.166342
-8.092215
-7.253607
-119.001080
-118.036676
-8.036685
-9.523688
-106.365681
-7.501923
-9.016872
-8.094652
-118.936725
-126.923003
-210.250456
-118.264901
-117.467379
-255.429774
-205.379866
-190.381947
-8.230845
-116.978053
-6.604271
-108.793170
-6.891038
-6.366225
-187.356949
-39.682789
-6.232993
-56.554359
-105.805519
-28.903773
-6.485166
-142.204305
-6.474942
-6.505298
-119.408608
-6.331553
-6.236531
-6.745101
-6.625617
-171.892347
-96.625077
-5.759650
-116.400345
-5.938213
-6.267979
-160.126146
-88.920907
-96.364060
-6.406019
-5.705895
-105.155637
-7.088801
-5.778725
-5.755198
-5.735087
-6.013160
-7.659786
-5.629373
-5.763110
-5.375875
-6.016672
-5.626987
-5.765743
-5.342997
-5.552691
-5.219130
-5.467642
-5.646428
-7.711118
-5.385857
-5.777592
-5.453520
-5.526778
-7.107310
-5.909548
-5.480260
-5.366519
-88.541410
-12.743010
-6.074206
-6.278732
-10.066524
-7.023115
-96.494431
-15.127358
-6.101593
-6.514462
-6.373023
-6.130731
-6.332528
-6.218138
-6.014095
-6.812258
-5.262589
-6.062408
-6.209729
-5.322438
-5.474624
-5.383554
-5.699746
-5.833790
-5.918985
-7.613148
-6.011173
-5.764176
-7.578032
-6.015691
-34.446384
-6.321072
-147.751273
-6.700528
-88.131145
-5.791176
-5.053158
-87.925301
-6.847145
-71.899935
-5.297941
-6.593738
-95.475419
-97.116346
-6.186967
-7.345380
-5.210972
-6.486731
-95.734193
-5.693940
-129.911745
-4.982348
-5.324882
