-214.386404
-127.183863
-140.242258
-80.059265
-26.357889
-93.126537
-9.868672
-119.732907
-120.700478
-9.035097
-10.815713
-104.308104
-10.480872
-61.411682
-10.345591
-9.843699
-119.440830
-27.890316
-117.322216
-49.995944
-222.700045
-8.933612
-119.983099
-11.163249
-9.420533
-9.287575
-8.660936
-8.316221
-8.194435
-107.750242
-8.358443
-8.276647
-80.584114
-7.606343
-100.491942
-7.278074
-11.425091
-111.449073
-9.324274
-7.517812
-97.169185
-6.745830
-7.960464
-7.309886
-7.095324
-73.882092
-6.751038
-7.059241
-6.143426
-7.057425
-6.704181
-6.296458
-6.333749
-6.416123
-5.968911
-6.618683
-6.378343
-6.142724
-5.739096
-8.091435
-6.359102
-5.584340
-5.728238
-7.123339
-5.750296
-5.481029
-5.366660
-5.608418
-5.727016
-6.419955
-6.580686
-6.246658
-5.992538
-5.768687
-5.462792
-5.374666
-5.521573
-6.134137
-5.320305
-6.389335
-5.890210
-5.846136
-5.731177
-5.600088
-5.999190
-5.866842
-5.904116
-7.705043
-6.708661
-5.980440
-6.080251
-5.660427
-6.234099
-5.380702
-5.777358
-5.496602
-5.428994
-6.111021
-5.817725
-5.965154
-5.388886
-9.409606
-6.156309
-6.191161
-6.162157
-6.264392
-5.291106
-5.366807
-5.272187
-5.716675
-5.614462
-5.271773
-6.163844
-5.475492
-5.364323
-5.300344
-5.593697
-5.571053
-5.160413
-5.668238
-5.507520
-7.047395
-5.719961
-8.031601
-5.675377
-8.258901
-5.517074
-5.392028
-7.009169
-5.232861
-5.251914
-74.557095
-5.786498
-5.439519
-5.394729
-5.339332
-5.304616
-5.573791
-5.362822
-5.674177
-5.457820
-5.509072
-5.645359
-5.579209
-7.809954
-5.978004
-5.479518
-5.189068
-5.419750
-5.004739
