0.000000
0.000000
0.000000
0.000000
0.111111
0.000000
0.111111
0.000000
0.000000
0.111111
0.000000
0.181818
0.222222
0.000000
0.000000
0.000000
0.000000
0.000000
0.000000
0.000000
0.000000
0.000000
0.000000
0.000000
0.000000
0.111111
0.000000
0.000000
0.000000
0.200000
0.333333
0.400000
0.714286
0.916667
0.687500
1.000000
0.705882
0.789474
0.714286
0.833333
0.363636
0.833333
0.916667
0.846154
0.555556
0.866667
0.923077
0.846154
0.444444
0.785714
0.857143
0.727273
0.888889
0.666667
0.583333
0.785714
0.937500
0.913043
0.692308
0.583333
0.692308
0.785714
0.500000
0.933333
0.545455
0.692308
0.636364
0.727273
0.636364
0.937500
1.000000
0.750000
0.882353
0.692308
0.600000
0.769231
0.866667
0.947368
0.222222
0.764706
0.800000
0.875000
0.363636
0.615385
0.842105
0.538462
0.857143
0.909091
0.888889
0.722222
0.363636
0.500000
0.812500
0.363636
0.954545
0.800000
0.875000
1.000000
0.944444
0.933333
0.866667
0.833333
0.882353
1.000000
0.875000
0.888889
0.666667
0.222222
0.500000
0.882353
0.583333
0.714286
0.692308
0.714286
0.833333
0.875000
0.785714
0.947368
0.500000
1.000000
0.904762
0.764706
0.880000
0.666667
0.750000
0.538462
0.642857
0.785714
0.714286
0.500000
0.812500
0.533333
0.615385
0.958333
0.538462
0.538462
0.538462
0.869565
0.733333
1.000000
0.923077
0.705882
0.903226
1.000000
0.894737
0.571429
0.818182
0.809524
0.777778
0.642857
