0.000000
0.000000
0.000000
0.000000
0.000000
0.000000
0.000000
0.000000
0.000000
0.000000
0.000000
0.000000
0.111111
0.000000
0.000000
0.000000
0.000000
0.000000
0.000000
0.000000
0.000000
0.000000
0.000000
0.000000
0.000000
0.000000
0.100000
0.000000
0.000000
0.000000
0.000000
0.000000
0.000000
0.000000
0.000000
0.083333
0.000000
0.090909
0.000000
0.000000
0.222222
0.000000
0.222222
0.000000
0.090909
0.200000
0.000000
0.100000
0.200000
0.000000
0.000000
0.181818
0.111111
0.000000
0.090909
0.333333
0.500000
0.222222
0.444444
0.250000
0.545455
0.333333
0.000000
0.600000
0.500000
0.538462
0.500000
0.545455
0.600000
0.400000
0.100000
0.444444
0.222222
0.111111
0.444444
0.000000
0.300000
0.333333
0.333333
0.444444
0.818182
0.700000
0.500000
0.222222
0.500000
0.727273
0.900000
0.545455
0.857143
0.700000
0.818182
0.727273
0.600000
0.750000
0.928571
0.750000
0.750000
0.500000
0.823529
0.636364
0.700000
0.583333
0.454545
0.454545
0.384615
0.600000
0.500000
0.583333
0.444444
0.727273
0.700000
0.545455
0.600000
0.600000
0.545455
0.500000
0.600000
0.333333
0.500000
0.636364
0.333333
0.750000
0.545455
0.727273
0.600000
0.833333
0.857143
0.666667
0.846154
0.714286
0.769231
0.750000
0.636364
0.833333
0.750000
0.545455
0.800000
0.923077
0.692308
0.727273
0.454545
0.636364
0.727273
0.666667
0.833333
0.636364
0.933333
0.750000
0.727273
0.875000
