-2011
-2042
-2005
-2106
-2175
-2115
-2054
-2207
-1267
-2094
-2030
-2198
-2005
-2055
-2137
-2005
-2942
-2243
-2694
-2047
-2005
-1630
-2006
-2595
-2960
-2005
-2016
-2221
-2056
-2059
-2012
-2005
-2005
-3433
-2040
-2005
-2010
-2022
-2581
-2005
-2483
-2000
-2090
-2024
-2051
-2013
-2064
-2018
-3176
-2021
-2011
-2012
-2055
-2018
-2039
-2983
-2047
-2240
-2006
-2773
-2000
-1386
-2461
-2096
-2005
-2006
-2155
-2016
-1369
-1759
-1387
-2033
-1609
-2064
-1709
-2146
-2087
-3178
-1270
-3167
-2006
-1024
-2044
-1115
-2320
-2466
-1227
-1336
-2084
-3089
-2005
-1792
-2024
-2718
-2770
-2660
-2741
-1318
-1511
-1516
-3148
-2023
-3062
-2052
-2393
-1251
-1474
-3105
-2005
-3219
-2020
-2056
-3205
-3008
-3027
-2096
-2004
-2718
-1607
-1675
-2015
-1624
-2627
-1994
-1397
-1509
-2006
-1560
-3365
-2885
-3188
-1571
-3047
-3634
-3348
-1769
-2000
-2130
-1862
-1821
-1745
-1594
-1569
-2073
-1724
-2030
-1767
-2926
-1722
-1688
-3255
-3632
-1896
-3735
-3368
-3574
-2016
-1680
-1976
-1832
-1913
-1929
-1793
-1845
-1928
-2006
-2041
-2005
-1568
-1704
-2006
-2056
-1443
-1881
-2006
-3296
-2731
-1614
-2016
-1734
-2874
-1644
-2069
-1614
-2005
-2006
-2084
-2005
-2052
-3187
-2120
-1418
-2005
-16
-1615
-1678
-2872
-2580
-1720
-1644
-1682
-2549
-1630
-3017
-2508
-3423
-1513
-1670
-1392
-2006
-2339
-1360
-1475
-1577
-1857
-2027
-1932
-1756
-1825
-1701
-1643
-1605
-1470
-1770
-2022
-1469
-1368
-1437
-1603
-1324
-1417
-1355
-1248
-1334
-1215
-1144
-1198
-1138
-1244
-1374
-1357
-2509
-3267
-2716
-3287
-1293
-3154
-1263
-2444
-1422
-2018
-1383
-2947
-1280
-2017
-1174
-1515
-1178
-1408
-1255
-1289
-2477
-1263
-1336
-1334
-2624
-1338
-2700
-1317
-1417
-1193
-1282
-2454
-2085
-3137
-1253
-1280
-2005
-2758
-1117
-2882
-2791
-1173
-2821
-1163
-1218
-1164
-1215
-1144
-1286
-1240
-1126
-1217
-1518
-1635
-1635
-1202
-2948
-1565
-1336
-1222
-1724
-1302
-1506
-1231
-1537
-1315
-1395
-1359
-1271
-1205
-1228
-1197
-1248
-1273
-1171
-1230
-1345
-1403
-1306
-1146
-2971
-1253
-1396
-3397
-2799
-3201
-1423
-1158
-1260
-1281
-1267
-1232
-1189
-1185
-1309
-1123
-1182
-1248
-1252
-1194
-1261
-1116
-1135
-1262
-1170
-1334
-1137
-1129
-1264
-1162
-1225
-1216
-1192
-2043
-1154
-1258
-1178
-1197
-1222
-1150
-1193
-1295
-1222
-1217
-1365
-1133
-1321
-2000
-1276
-1313
-1134
-1342
-3087
-1339
-1035
-2463
-1239
-2375
-1370
-1276
-2037
-1409
-2433
-1316
-1304
-2266
-1251
-1257
-1335
-2403
-1186
-1325
-1135
-2721
-1060
-1402
-38
-1277
-3085
-2825
-1220
-1143
-1285
-1837
-1432
-1441
-1247
-1810
-1136
-3143
-1531
-1430
-1248
-1278
-1199
-1245
-1179
-1263
-1130
-1127
-1249
-1120
-1166
-1120
-1322
-1165
-1265
-1239
-1281
-1224
-1239
-1201
-1212
-1187
-1246
-1074
-1161
-1304
-1238
-1291
-1267
-1210
-1229
-1225
-1233
-1255
-1286
-1203
-1210
-1249
-1299
-1156
-1361
-1144
-1257
-1253
-1163
-1145
-1147
-1196
-1213
-1261
-1129
-1251
-1239
-1128
-1139
-1160
-1014
-1039
-1196
-1112
-1166
-1229
-1119
-1261
-1174
-1201
-1294
-1145
-1199
-1140
-2301
-1138
-1138
-1161
-1135
-1283
-1202
-1249
-1170
-1177
-1235
-1140
-1213
-1195
-2000
-1233
-1157
-1104
-1213
-1141
-1131
-1126
-1064
-2717
-2000
-1133
-1196
-2832
-1119
-1077
-1200
-1239
-2293
-1150
-1130
-1118
-1000
-1018
-1102
-2388
-2016
-1058
-1221
-1304
-1115
-1185
-1142
-1199
-1159
-1210
-1160
-1151
-1119
-2089
-1039
-2208
-1051
-1138
-1184
-1213
-1336
-1136
-2000
-1189
-1051
-1238
-2356
-1071
-1196
-1243
-1153
-1204
-2000
-2036
-1188
-1110
-1140
-1122
-1134
-1154
-1070
-1108
-1150
-1147
-1183
-1136
-1163
-1177
-1175
-1197
-1182
-1126
-1124
-1070
-1157
-1222
-1216
-1128
-2382
-1213
-1200
-1272
-1228
-1154
-1182
-1181
-1093
-1076
-1044
-1142
-1276
-1149
-2000
-1123
-1237
-1002
-1299
-1274
-1390
-1152
-1212
-1313
-1150
-1112
-940
-1152
-997
-1004
-1012
-1058
-1196
-1327
-1300
-1243
-1178
-1306
-1295
-1169
-1138
-987
-1097
-1089
-1169
-1016
-980
-1032
-1073
-1109
-786
-982
-965
-1179
-1105
-922
-1195
-1088
-1146
-1078
-1116
-1144
-1047
-1136
-1013
-940
-948
-990
-990
-878
-1041
-916
-1201
-1095
-1336
-1203
-1169
-1072
-1013
-1108
-980
-987
-1017
-1066
-863
-892
-966
-983
-947
-1019
-980
-910
-1020
-832
-940
-922
-1063
-1135
-1069
-1114
-1084
-1139
-1092
-1055
-999
-986
-974
-975
-1061
-1094
-832
-1034
-1008
-943
-1029
-1021
-1024
-1031
-965
-1018
-2283
-817
-677
-766
-766
-874
-999
-2235
-892
-819
-1122
-994
-1035
-974
-928
-968
-913
-2304
-1008
-895
-727
-300
-569
-344
-548
-483
-2201
-709
-688
-868
-2198
-772
-693
-897
-879
-1112
-981
-983
-895
-897
-1006
-918
-884
-947
-961
-806
-984
-943
-1027
-905
-891
-972
-929
-2242
-1026
-1074
-1041
-2740
-869
-975
-922
-924
-1123
-997
-2917
-874
-884
-997
-960
-906
-860
-872
-860
-778
-859
-845
-780
-962
-906
-880
-796
-940
-930
-947
-945
-1007
-925
-746
-963
-819
-768
-1063
-697
-799
-927
-1056
-884
-967
-978
-874
-979
-991
-1066
-1138
-1104
-1054
-1077
-1080
-1047
-942
-1070
-1171
-1105
-1038
-973
-1032
-1030
-1001
-815
-842
-818
-2602
-1074
-668
-766
-728
-831
-651
-543
-705
-731
-2596
-883
-891
-803
-2715
-857
-558
-582
-511
-859
-965
-584
-754
-793
-918
-492
-1077
-1118
-1081
-1040
-1049
-998
-1139
-1103
-1227
-820
-851
-749
-855
-840
-924
-2011
-904
-739
-953
-2763
-977
-930
-1023
-871
-937
-832
-956
-850
-1000
-805
-2825
-865
-2559
-774
-953
-896
-829
-996
-990
-2914
-2859
-809
-757
-833
-1148
-987
-1003
-891
-843
-2672
-800
-957
-1479
-1112
-873
-916
-1020
-864
-817
-1081
-1043
-1026
-997
-617
-965
-699
-729
-952
-888
-2016
-992
-809
-1035
-946
-1067
-986
-941
-805
-1003
-855
-2718
-863
-1009
-1067
-948
-2410
-1012
-972
-978
-1017
-880
-882
-743
-2713
-2549
-2606
-830
-642
-725
-637
-2498
-1011
-947
-971
-1093
-990
-983
-940
-925
-848
-986
-820
-1016
-829
-1003
-949
-894
-928
-907
-991
-933
-1029
-1021
-993
-1039
-1114
-909
-833
-815
-804
-754
-872
-934
-842
-941
-938
-1011
-759
-867
-951
-823
-824
-1013
-824
-965
-915
-946
-928
-938
-964
-962
-957
-813
-874
-951
-861
-2142
-872
-976
-1061
-979
-1103
-1090
-1247
-1057
-1193
-1203
-1089
-951
-951
-999
-985
-907
-893
-893
-1014
-948
-995
-1013
-1202
-1184
-1140
-1146
-793
-848
-825
-884
-845
-845
-882
-870
-805
-863
-891
-976
-607
-794
-660
-870
-743
-414
-586
-633
-505
-704
-846
-759
-685
-708
-775
-774
-825
-731
-885
-757
-796
-799
-793
-1124
-1013
-916
-1005
-956
-1176
-967
-1131
-986
-978
-938
-994
-1037
-957
-1012
-1011
-784
-909
-943
-915
-916
-883
-890
-859
-801
-964
-922
-873
-920
-1032
-1036
-1033
-992
-1055
-1321
-1281
-1090
-1074
-1018
-969
-713
-762
-546
-697
-588
-2569
-676
-2670
-798
-2494
-2281
-890
-970
-967
-958
-1050
-2509
-878
-905
-951
-1056
-1085
-1144
-1117
-1139
-1063
-1094
-1001
-995
-968
-1021
-941
-970
-1017
-886
-953
-726
-818
-793
-761
-349
-481
-437
-750
-887
-737
-921
-887
-927
-1011
-1090
-1058
-1001
-967
-1156
-1070
-1064
-1116
-926
-1092
-997
-1032
-706
-517
-703
-731
-436
-693
-581
-200
-791
-436
-552
-961
-1061
-991
-1083
-986
-1003
-1097
-1064
