-2054
-2020
-87
-2018
-2309
-2014
-2037
-2117
-3023
-2012
-2047
-2027
-2088
-2225
-2053
-2089
-2805
-2012
-2084
-2012
-2032
-2025
-2104
-2007
-2823
-2550
-2029
-2032
-2147
-2020
-2421
-2012
-2057
-2114
-2334
-2048
-579
-1497
-2084
-2088
-2083
-2050
-2494
-2595
-2095
-2436
-2062
-2591
-2608
-2012
-2244
-2775
-2018
-2073
-2069
-2123
-2885
-2149
-2289
-2043
-2503
-2000
-2037
-70
-1268
-2069
-2037
-2114
-2939
-1308
-2049
-2811
-1301
-2647
-2991
-2114
-2037
-2026
-2559
-2028
-2472
-63
-2026
-2519
-2339
-2382
-2531
-3307
-2836
-3325
-2843
-2432
-2277
-2695
-2102
-1248
-1099
-2828
-2514
-3240
-2047
-2244
-3004
-2474
-2539
-2600
-1295
-1598
-1506
-1704
-1327
-1404
-808
-591
-1214
-399
-372
-574
-531
-342
-3019
-756
-315
-2335
-2515
-466
-413
-445
-2403
-347
-483
-2774
-2907
-2681
-2493
-2742
-2621
-2613
-2470
-2897
-2346
-2708
-2042
-2880
-2262
-2077
-2331
-1236
-2123
-2713
-2087
-2012
-1444
-1464
-1511
-2128
-2071
-1286
-2018
-1628
-2023
-1348
-1214
-1498
-2286
-2031
-1132
-1254
-3006
-2030
-2555
-1599
-1675
-1664
-1595
-1542
-2022
-2809
-2320
-2076
-1518
-3219
-1480
-1616
-2038
-2586
-1137
-1700
-2917
-3072
-2973
-2608
-1412
-1337
-3042
-3074
-1178
-2744
-2032
-695
-2074
-2389
-1008
-3198
-1116
-1227
-1800
-3157
-3125
-1751
-3317
-3402
-2948
-1685
-3110
-1683
-1302
-2098
-1366
-1404
-3365
-1217
-1398
-2939
-2783
-1304
-2000
-1788
-1636
-1777
-1654
-2964
-3217
-1696
-1329
-3717
-2323
-1065
-1018
-1159
-1200
-1192
-1147
-2295
-1286
-1253
-1210
-1294
-1385
-1407
-2314
-1525
-3267
-1207
-3026
-1376
-1355
-1631
-1396
-2665
-1410
-1649
-1378
-1722
-1622
-3039
-1494
-1345
-1408
-1610
-1462
-3141
-1518
-1305
-2751
-2697
-1258
-1228
-1176
-3046
-3151
-1117
-1034
-1142
-3151
-1305
-1295
-1173
-1291
-1059
-1291
-2586
-2056
-1197
-1397
-2785
-2000
-1075
-1188
-1285
-1221
-1102
-1282
-1324
-1244
-2000
-1330
-1286
-1282
-1258
-1238
-1132
-1236
-1232
-1321
-1248
-3193
-1351
-1221
-2021
-1158
-1228
-1164
-2054
-1220
-1212
-1288
-1227
-1288
-1299
-1302
-1357
-1213
-1121
-1192
-1176
-2100
-2000
-2924
-1056
-1198
-1232
-1301
-1165
-1249
-1187
-2148
-1256
-1175
-1328
-1272
-1336
-1245
-2000
-1240
-1200
-2039
-1311
-1253
-1117
-1221
-983
-2029
-922
-1130
-2613
-2000
-1062
-2058
-3089
-1115
-1121
-1190
-2773
-1110
-1146
-1217
-1180
-1182
-1208
-2013
-1263
-2027
-1156
-1290
-1273
-2435
-2559
-1214
-1063
-2392
-1003
-2500
-2949
-2831
-1264
-1245
-1224
-1029
-1077
-1077
-1177
-1324
-2053
-1230
-2806
-1328
-1311
-1413
-1139
-2033
-2014
-1348
-1302
-1299
-1188
-1204
-1116
-1120
-3079
-1232
-1157
-1026
-1269
-1280
-1123
-1185
-629
-548
-2482
-567
-347
-445
-88
-501
-403
-283
-2674
-2448
-2262
-2448
-2379
-2318
-2344
-2386
-2528
-2312
-2151
-2680
-1287
-1385
-2781
-2000
-2000
-1439
-787
-1229
-1173
-1237
-1111
-1496
-1463
-367
-1402
-1349
-1142
-1295
-1363
-603
-1362
-1421
-3146
-1274
-1235
-1159
-2071
-3294
-2065
-2047
-1361
-1284
-2035
-1263
-1229
-3281
-2036
-3146
-2000
-1233
-1300
-1389
-503
-802
-2090
-1265
-2011
-1354
-1155
-1454
-1470
-1420
-1447
-2691
-1186
-1132
-2047
-2678
-3073
-1284
-1380
-3171
-2018
-1292
-1384
-1524
-1536
-1215
-1326
-1092
-1175
-1422
-1167
-1055
-1167
-1029
-1251
-2047
-2601
-3004
-1203
-1218
-1200
-1066
-2825
-1181
-1211
-1240
-1070
-1245
-1113
-1202
-1182
-1175
-1186
-1254
-2144
-1308
-2020
-2970
-1364
-1346
-1290
-1290
-1293
-1287
-1307
-1221
-2013
-1237
-1047
-1147
-1306
-1233
-2021
-1261
-1245
-1291
-1195
-1277
-1117
-1231
-1274
-1060
-1151
-1228
-1297
-1329
-1449
-1346
-1244
-2989
-1284
-1328
-1346
-2036
-2329
-1339
-1359
-1358
-1192
-1107
-1168
-1131
-2053
-1335
-1275
-1172
-1291
-1185
-1192
-1032
-1082
-999
-1102
-641
-742
-1056
-1193
-2279
-2549
-2598
-1198
-1477
-1230
-1173
-1216
-1191
-1179
-1156
-1238
-1279
-1220
-1323
-1252
-1256
-1100
-1145
-1379
-1326
-3028
-1122
-2960
-1208
-1241
-2269
-3219
-2904
-2867
-2979
-2857
-2843
-3008
-2584
-2831
-2426
-1267
-3012
-2000
-2121
-1035
-2019
-1080
-1063
-1081
-1162
-1213
-2079
-1232
-1272
-1260
-1252
-1220
-1219
-1254
-1227
-1351
-1289
-1113
-1126
-1106
-1131
-367
-595
-728
-377
-475
-378
-274
-503
-367
-1355
-2046
-2072
-2000
-1305
-1292
-1165
-1124
-1148
-1281
-1316
-1166
-1257
-1188
-2831
-3424
-1296
-1246
-1203
-1344
-2087
-1273
-2381
-2318
-1329
-2321
-2344
-2323
-2210
-2253
-1304
-2238
-2710
-1215
-2420
-1226
-2678
-1245
-1116
-2194
-2701
-2097
-2525
-1442
-2394
-1149
-1125
-1051
-1222
-1198
-1191
-1234
-1113
-1270
-1163
-1243
-1294
-1048
-1183
-1134
-2077
-1014
-2520
-1268
-1228
-1049
-1157
-2460
-1085
-996
-990
-958
-1176
-347
-1066
-2049
-985
-1094
-1180
-1182
-1240
-2207
-1150
-1208
-1092
-998
-877
-959
-2735
-1169
-1073
-1103
-1055
-1117
-2454
-1005
-1030
-960
-304
-601
-374
-394
-355
-299
-486
-438
-473
-263
-2051
-267
-338
-908
-2917
-2886
-2982
-2471
-3006
-2626
-1010
-2502
-2643
-2640
-2047
-2433
-2419
-2643
-2600
-2374
-1015
-581
-2864
-2969
-1142
-1109
-987
-1112
-2075
-1102
-1141
-1055
-2000
-2493
-2243
-2428
-1039
-1269
-513
-624
-2643
-2184
-809
-672
-496
-704
-698
-532
-615
-369
-2000
-504
-783
-557
-485
-512
-2359
-500
-2109
-2651
-1055
-1053
-2805
-2456
-2352
-2923
-2378
-1066
-1211
-2067
-2737
-2279
-1115
-1217
-1112
-1260
-3122
-1281
-1324
-3073
-1517
-1438
-3181
-3517
-1476
-1554
-1323
-3466
-1468
-2071
-1487
-1415
-2915
-2120
-2000
-1440
-1518
-1494
-1505
-1668
-1434
-1480
-3323
-1415
-2068
-1270
-1306
-48
-1366
-2181
-3107
-2000
-2000
-1425
-1395
-1448
-2311
-3038
-1360
-1536
-3039
-3444
-1518
-1367
-1333
-2612
-2566
-2557
-3104
-3116
-2000
-2431
-1363
-1279
-2550
-2689
-2051
-2727
-1243
-1265
-1472
-3183
-2952
-2788
-1162
-763
-492
-1284
-2629
-1111
-1336
-1440
-1243
-3116
-1411
-1306
-1182
-1267
-865
-1325
-2694
-1304
-1241
-1173
-2528
-1207
-1177
-1012
-835
-966
-973
-1225
-1127
-1149
-1157
-1114
-2697
-992
-1165
-2981
-1270
-1251
-1125
-1157
-1144
-1141
-1185
-1178
-1151
-1134
-1091
-1243
-535
-1046
-2174
-2838
-791
-1017
-515
-498
-509
-611
-1080
-1039
-816
-346
-517
-473
-411
-766
-341
-676
-2000
-1112
-1233
-1083
-1110
-1084
-1134
-1045
-1132
-714
-772
-366
-1011
-428
-2530
-530
-365
-367
-485
-382
-482
-450
-255
-358
-427
-563
-272
-287
-2097
-2046
-1129
-2063
-2358
-1035
-2958
-1121
-1256
-1046
-1057
-2955
-2181
-1129
-2125
-2000
-1258
-1123
-1017
-1128
-2841
-1054
-2177
-2006
-1037
-1104
-1093
-356
-355
-297
-365
-381
-2051
-242
-362
-344
-345
-367
-371
-352
-2067
-2060
-2000
-561
-449
-2022
-688
-915
-1035
-392
-41
-2273
-1078
-2037
-1093
-1134
-2656
-1021
-1193
-1270
-1245
-1192
-2915
-1137
-2115
-2057
-2581
-1148
-976
-2684
-1022
-2103
-2000
-1142
-949
-1095
-2584
-1092
-1173
-1197
-1172
-2805
-1061
-1149
-1029
-1243
-2027
-92
-926
-943
-2042
-916
-2167
-941
-887
-958
-984
-1071
-962
-1021
-907
-954
-857
-1017
-2874
-1046
-1080
-945
-1149
-1204
-2076
-1139
-1232
-2131
-672
-2086
-2000
-1055
-667
-853
-915
-1088
-2087
-1096
-1172
-1054
-1032
-1035
-937
-974
-1044
-1319
-947
-979
-875
-1031
-1127
-1009
-1005
-939
-1031
-1135
-1033
-1081
-1143
-1093
-287
-854
-459
-328
-543
-943
-293
-918
-1095
-993
-1093
-2705
-1057
-454
-974
-524
-1083
-601
-848
-380
-475
-488
-790
-326
-316
-443
-747
-625
-353
-3115
-2607
-1143
-2493
-2000
-1234
-1182
-1118
-1021
-1150
-1005
-1103
-944
-1051
-837
-2046
-943
-2777
-944
-1008
-1073
-954
-169
-112
-288
-256
-317
-216
-259
-227
-394
-318
-308
-240
-2040
-2000
-357
-2042
-213
-290
-2130
-405
-945
-2418
-2037
-2000
-963
-901
-925
-2655
-2396
-2376
-988
-2437
-2490
-917
-269
-874
-935
-455
-314
-2073
-885
-2449
-987
-733
-973
-1066
-1035
-1000
-942
-1020
-2930
-1089
-1027
-982
-987
-950
-1012
-1032
-941
-2476
-1196
-3048
-1072
-2427
-1106
-1102
-1109
-1009
-984
-2071
-1130
-1125
-986
-3278
-978
-1342
-1031
-2952
-1071
-957
-2134
-2000
-1026
-2905
-1171
-1143
-2047
-989
-970
-963
-984
-1068
-1128
-1047
-1171
-886
-902
-938
-838
-1039
-1035
-1019
-2049
-1006
-943
-981
-2567
-1093
-1011
-2000
-1036
-1060
-1063
-1020
-1160
-1115
-1053
-1125
-952
-1196
-1066
-925
-1154
-983
-1034
-1217
-1066
-1065
-1183
-934
-1076
-903
-976
-829
-1046
-1036
-955
-1038
-964
-957
-948
-918
-994
-958
-958
-1016
-1049
-1146
-1051
-2038
-1113
-1088
-1035
-1022
-1025
-997
-815
-2050
-2065
-2000
-865
-906
-1067
-956
-1027
-989
-934
-980
-1085
-2073
-897
-1195
-1133
-1145
-1180
-1130
-1177
-1109
-2041
-1097
-1238
-1266
-1137
-1183
-1138
-1183
-1127
-1111
-1027
-1022
-1094
-1087
-1029
-870
-717
-941
-909
-976
-1018
-1193
-1008
-915
-955
-950
-1138
-1030
-1055
-1182
-1050
-1097
-998
-1102
-1130
-1158
-1034
-989
-965
-1119
-1034
-1177
-1122
-2000
-2000
-892
-938
-1026
-974
-975
-950
-886
-937
-1032
-1109
-1001
-1102
-1019
-1053
-1041
-2101
-1056
-1018
-996
-973
-977
-1031
-969
-1041
-903
-1000
-1011
-1037
-958
-1069
-1109
-1129
-1122
-961
-873
-942
-933
-919
-990
-924
-909
-738
-653
-811
-719
-513
-693
-927
-965
-788
-849
-1012
-1091
-925
-2022
-1010
-1112
-1096
-1076
-1053
-928
-942
-983
-1044
-1002
-1059
-1081
-1051
-998
-946
-942
-927
-989
-958
-887
-907
-917
-1039
-924
-972
-606
-855
-478
-739
-835
-890
-831
-871
-862
-2034
-1008
-967
-2069
-2000
-922
-975
-2097
-2059
-2000
-1042
-1027
-1126
-1000
-819
-419
-840
-853
-1085
-954
-936
-851
-981
-968
-998
-995
-910
-855
-920
-855
-856
-360
-756
-2270
-512
-355
-316
-554
-570
-898
-902
-913
-873
-891
-976
-920
-956
-946
-981
-958
-1008
-828
-807
-830
-777
-899
-864
-867
-779
-2044
-2000
-816
-883
-902
-844
-962
-1041
-963
-2094
-924
-906
-886
-933
-841
-2104
-2000
-957
-897
-968
-981
-1056
-1050
-1037
-1055
-2000
-826
-798
-1327
-819
-793
-914
-976
-926
-979
-1008
-791
-962
-1095
-1107
-647
-338
-576
-1022
-1050
-525
-356
-985
-1012
-979
-1065
-1029
-1078
-979
-995
-506
-455
-523
-756
-437
-561
-551
-445
-394
-514
-312
-497
-507
-415
-325
-501
-512
-862
-878
-802
-842
-933
-1029
-908
-989
-2134
-381
-450
-468
-424
-428
-488
-304
-2187
-326
-473
-423
-1054
-882
-911
-861
-2006
-2000
-2000
-306
-363
-730
-867
-673
-899
-973
-898
-1021
-989
-1011
-987
-2097
-1064
-2118
-1005
-961
-989
-1027
-976
-1013
-986
-974
-976
-1021
-1011
-1028
-1013
-1043
-1032
-2026
-1048
-1063
-466
-785
-788
-522
-545
-597
-956
-947
-1008
-973
-1122
-1005
-1036
-1013
-960
-941
-962
-971
-942
-902
-934
-915
-978
-963
-918
-2340
-925
-951
-977
-945
-932
-986
-997
-1054
-1052
-1045
-2217
-1012
-1077
-1026
-867
-891
-906
-877
-868
-896
-886
-868
-2110
-1012
-890
-886
-2170
-930
-333
-423
-2063
-580
-360
-416
-415
-320
-565
-454
-933
-932
-2070
-959
-931
-947
-2490
-2098
-967
-914
-2150
-908
-1029
-1000
-927
-964
-969
-933
-2167
-2000
-969
-982
-985
-1090
-1105
-2038
-986
-321
-458
-802
-437
-589
-588
-481
-715
-854
-785
-902
-2525
-2367
-825
-920
-904
-2810
-949
-954
-923
-896
-854
-575
-458
-896
-924
-1002
-923
-328
-566
-449
-934
-447
-408
-413
-425
-430
-477
-919
-886
-880
-762
-407
-259
-414
-2148
-2027
-2035
-499
-653
-808
-402
-898
-881
-909
-945
-556
-222
-638
-661
-540
-350
-368
-385
-805
-790
-805
-809
-835
-858
-819
-812
-445
-2025
-399
-343
-312
-289
-321
-531
-448
-445
-324
-379
-297
-516
-756
-502
-994
-2400
-778
-852
-898
-900
-2038
-755
-2044
-2000
-941
-875
-2253
-799
-674
-793
-869
-851
-870
-402
-427
-560
-814
-2060
-512
-366
-603
-746
-680
-705
-451
-698
-895
-871
-2163
-835
-824
-2085
-2283
-931
-2092
-924
-922
-943
-905
-850
-854
-1048
-859
-2101
-873
-892
-763
-953
-910
-976
-2026
-833
-946
-958
-991
-904
-893
-868
-862
-888
-895
-931
-881
-904
-879
-907
-902
-905
-867
-929
-773
-843
-811
-883
-888
-964
-676
-302
-824
-787
-770
-887
-2203
-802
-846
-869
-2735
-331
-2311
-2441
-924
-848
-2421
-922
-892
-822
-907
-640
-450
-836
-766
-772
-2308
-2161
-2005
-914
-1014
-937
-870
-57
-783
-802
-2070
-816
-772
-2000
-273
-412
-309
-266
-232
-293
-361
-379
-243
-309
-428
-476
-893
-874
-2248
-2000
-871
-902
-769
-867
-2115
-801
-783
-915
-1013
-1011
-973
-788
-882
-2056
-2016
-2000
-802
-886
-928
-880
-842
-862
-2065
-869
-909
-2397
-954
-877
-869
-901
-954
-804
-763
-689
-491
-896
-447
-650
-867
-874
-855
-900
-818
-868
-886
-819
-450
-409
-602
-538
-521
-550
-725
-532
-2060
-771
-770
-782
-680
-450
-490
-344
-451
-497
-277
-591
-324
-468
-324
-484
-471
-2377
-354
-450
-454
-553
-513
-380
-333
-488
-502
-2122
-2555
-813
-802
-719
-891
-910
-779
-876
-917
-949
-829
-919
-887
-923
-913
-917
-961
-806
-885
-800
-974
-838
-913
-2967
-944
-437
-915
-878
-807
-824
-817
-2527
-799
-941
-834
-783
-551
-450
-492
-373
-500
-2151
-468
-409
-310
-319
-2421
-2012
-509
-408
-649
-756
-332
-703
-680
-568
-630
-606
-520
-590
-379
-590
-1003
-1077
-1046
-1008
-681
-643
-321
-614
-397
-723
-408
-746
-823
-401
-800
-804
-409
-830
-807
-870
-908
-848
-1072
-856
-928
-950
-689
-656
-614
-450
-501
-449
-406
-493
-350
-516
-266
-485
-442
-510
-817
-432
-558
-472
-824
-888
-877
-929
-274
-537
-601
-377
-370
-506
-509
-329
-476
-586
-355
-264
-440
-412
-296
-337
-429
-393
-264
-233
-304
-2238
-698
-2000
-842
-954
-941
-902
-323
-388
-471
-424
-476
-329
-447
-365
-456
-305
-375
-463
-364
-416
-586
-351
-343
-2846
-436
-331
-456
-898
-836
-919
-2029
-1031
-920
-848
-846
-918
-922
-914
-919
-978
-2000
-759
-728
-790
-2402
-764
-920
-2764
-917
-2385
-935
-932
-896
-921
-924
-825
-853
-832
-929
-934
-944
-876
-2317
-799
-870
-953
-819
-898
-851
-889
-933
-855
-854
-803
-859
-814
-786
-627
-822
-810
-721
-325
-397
-472
-483
-500
-388
-391
-403
-446
-349
-353
-347
-855
-882
-786
-869
