-1416
-1354
-1347
-1334
-1286
-1342
-1315
-1776
-1408
-1206
-1258
-1270
-1251
-1245
-1290
-1441
-1224
-1832
-1005
-1966
-1271
-1243
-1307
-1991
-1207
-1318
-1299
-1186
-1273
-1321
-1765
-1232
-1293
-1379
-1598
-1749
-2185
-1309
-990
-1033
-1235
-1253
-1627
-1403
-1261
-2138
-1345
-1285
-1276
-1773
-1305
-1356
-1248
-1270
-1255
-1333
-1264
-1390
-1219
-1276
-1294
-1294
-1272
-1267
-1252
-1360
-1310
-1272
-1270
-1339
-1300
-1297
-1261
-1285
-1284
-1322
-1207
-1220
-1234
-1211
-1249
-1246
-1213
-1176
-1250
-1218
-1207
-1331
-1292
-1281
-1255
-1252
-1240
-1096
-1209
-1183
-1175
-1117
-1250
-1175
-1622
-1245
-2027
-1508
-1483
-1397
-1223
-960
-1462
-2022
-1378
-1144
-2141
-1890
-1039
-1163
-1693
-1171
-1506
-1949
-1251
-1298
-1134
-1359
-1083
-1186
-2092
-1181
-1185
-1223
-1194
-1070
-1215
-1209
-1636
-1227
-1183
-1221
-1105
-1155
-1496
-1106
-1131
-1073
-1122
-1175
-1106
-2180
-1137
-1219
-1055
-1150
-1171
-1044
-955
-1172
-1569
-1118
-1173
-1146
-1189
-1195
-1182
-1215
-1148
-1167
-1103
-1752
-1506
-1332
-1173
-2072
-1105
-1146
-1161
-1144
-1207
-1247
-1204
-1195
-1634
-1186
-1235
-1309
-1207
-1177
-1267
-1340
-1222
-1236
-1243
-1217
-1256
-1197
-2095
-1236
-1472
-1237
-1887
-1200
-1255
-1228
-1247
-1112
-1178
-1178
-1146
-1269
-1181
-1236
-1192
-1143
-1098
-1125
-1227
-1091
-1142
-1117
-1168
-1617
-1132
-1114
-1095
-1075
-1088
-1091
-1053
-1105
-1197
-1109
-1021
-1498
-1701
-1196
-1069
-1095
-1178
-1172
-1114
-1159
-1145
-1193
-1254
-1593
-1834
-1147
-1937
-1282
-1237
-1174
-1222
-1307
-1241
-1239
-1207
-1213
-1192
-1202
-1633
-1167
-1208
-1741
-1111
-1198
-1132
-1139
-1005
-1255
-1428
-1074
-1010
-1881
-1046
-1085
-1170
-2045
-1165
-1131
-1138
-1150
-1197
-1215
-1120
-1203
-1313
-1238
-1137
-1122
-1167
-1145
-1207
-1198
-1169
-1090
-1202
-1135
-1187
-1096
-1141
-1017
-1923
-1175
-1191
-1181
-1191
-1038
-977
-1107
-1070
-1236
-1677
-1005
-1235
-1162
-1132
-1191
-1162
-1134
-1102
-1153
-1255
-1133
-1159
-1185
-1224
-1079
-1183
-1168
-1080
-1190
-1028
-1117
-1141
-1004
-1028
-1028
-1034
-991
-1017
-968
-1007
-1328
-2077
-1120
-1089
-1159
-1097
-1180
-1135
-1133
-1128
-1095
-1186
-1566
-1095
-1132
-1138
-1211
-1158
-1006
-1816
-975
-1964
-1027
-1080
-963
-939
-994
-1089
-1018
-992
-981
-1064
-1068
-1060
-1001
-1053
-1091
-1114
-1320
-1088
-1118
-1218
-1203
-1164
-1214
-1120
-1114
-1114
-155
-1188
-1121
-1139
-1144
-1108
-1213
-1087
-1336
-1138
-1625
-1083
-1146
-1472
-1039
-1131
-1963
-1477
-957
-1035
-1959
-973
-953
-1093
-1069
-1097
-996
-978
-992
-1004
-1093
-996
-1029
-1692
-1057
-1096
-1021
-1114
-1069
-1246
-1420
-1765
-1032
-1179
-1034
-1061
-1052
-1163
-1101
-1151
-1136
-1837
-1107
-1045
-1059
-1018
-1083
-1101
-1122
-1107
-1052
-990
-980
-954
-566
-1014
-1217
-1061
-1102
-1166
-1226
-1222
-1246
-1266
-1171
-1148
-1145
-1272
-1211
-1156
-1184
-1130
-1169
-1103
-1112
-1259
-1184
-1187
-1160
-1067
-1058
-1020
-1133
-1283
-1018
-1096
-1308
-1217
-1049
-1011
-1615
-1033
-1118
-976
-1066
-1034
-1153
-1150
-1272
-1063
-1094
-1602
-1111
-1104
-1160
-1834
-1118
-1106
-1085
-1110
-1090
-1118
-1087
-1093
-1035
-1058
-1084
-1104
-1091
-1116
-1074
-1113
-1117
-1055
-1052
-1364
-1098
-1084
-1100
-1197
-1155
-1178
-1072
-652
-1154
-1243
-1134
-1051
-1101
-1069
-1088
-1101
-1082
-1559
-1050
-1094
-1024
-1128
-965
-1176
-1171
-1046
-971
-1277
-1044
-1040
-1047
-1057
-1146
-986
-1038
-1003
-1028
-1012
-1103
-1012
-1047
-971
-974
-968
-976
-981
-1007
-923
-989
-883
-1002
-950
-998
-1019
-964
-973
-1015
-1214
-981
-2038
-982
-943
-954
-982
-981
-943
-940
-1093
-974
-940
-904
-1044
-1027
-1018
-973
-995
-1146
-1351
-1003
-1144
-991
-1031
-1044
-951
-983
-1040
-996
-941
-997
-1000
-1043
-944
-942
-976
-1201
-950
-1007
-991
-1010
-897
-938
-916
-925
-902
-926
-943
-859
-920
-986
-1012
-1057
-938
-978
-970
-897
-287
-951
-876
-585
-269
-784
-676
-943
-887
-995
-883
-923
-932
-965
-887
-893
-925
-914
-917
-1518
-1288
-1235
-1505
-1458
-1229
-1252
-1643
-1406
-1529
-1318
-1454
-1869
-1187
-1325
-934
-2007
-1945
-1007
-923
-1022
-889
-936
-930
-928
-990
-942
-929
-869
-896
-915
-1044
-1043
-921
-850
-949
-856
-831
-794
-822
-821
-798
-929
-1744
-821
-917
-1866
-896
-963
-1017
-904
-844
-836
-863
-871
-883
-855
-905
-980
-898
-891
-960
-861
-896
-821
-858
-853
-799
-876
-915
-899
-862
-740
-759
-774
-924
-849
-849
-881
-867
-859
-787
-805
-851
-866
-784
-797
-806
-869
-838
-1011
-816
-814
-780
-225
-861
-795
-803
-770
-751
-798
-758
-738
-791
-759
-817
-861
-848
-853
-1784
-1634
-1123
-1660
-1204
-1196
-1375
-1654
-808
-1221
-1745
-1794
-1359
-1673
-864
-914
-1293
-819
-905
-850
-809
-798
-780
-150
-429
-273
-80
-212
-787
-147
-327
-336
-537
-244
-165
-810
-833
-558
-689
-449
-903
-944
-849
-873
-1577
-988
-858
-1593
-945
-864
-864
-812
-818
-823
-811
-799
-793
-1017
-743
-800
-789
-718
-737
-779
-877
-922
-787
-819
-702
-701
-775
-732
-684
-739
-1636
-776
-712
-783
-685
-713
-733
-829
-751
-752
-821
-804
-922
-823
-851
-780
-854
-775
-766
-791
-744
-809
-927
-796
-771
-784
-821
-847
-849
-896
-814
-763
-858
-744
-878
-784
-789
-752
-747
-751
-925
-719
-827
-900
-817
-777
-981
-773
-779
-772
-791
-929
-841
-808
-786
-779
-725
-785
-864
-793
-801
-791
-760
-781
-799
-881
-772
-762
-783
-788
-807
-781
-744
-772
-761
-818
-700
-678
-694
-774
-754
-748
-728
-944
-776
-848
-845
-721
-876
-718
-738
-833
-787
-733
-803
-777
-720
-805
-804
-765
-766
-796
-1534
-1170
-1327
-687
-726
-1229
-718
-1393
-1456
-1177
-904
-671
-744
-695
-678
-730
-640
-810
-677
-1495
-754
-1329
-1194
-682
-945
-827
-830
-1127
-736
-835
-897
-1334
-800
-758
-749
-803
-838
-768
-1086
-825
-912
-792
-801
-791
-846
-791
-744
-727
-791
-935
-733
-741
-723
-810
-485
-242
-192
-189
-1200
-450
-556
-420
-593
-722
-1078
-1071
-1475
-954
-1135
-982
-1109
-1029
-1046
-1120
-1028
-1083
-1070
-880
-937
-1083
-816
-270
-619
-286
-511
-238
-320
-357
-196
-179
-598
-65
-168
-523
-210
-354
-402
-859
-906
-874
-416
-922
-870
-409
-480
-659
-254
-135
-297
-833
-751
-832
-736
-817
-718
-745
-785
-738
-760
-788
-719
-726
-763
-805
-683
-699
-747
-707
-745
-756
-798
-813
-813
-810
-783
-806
-819
-793
-735
-687
-651
-735
-726
-736
-736
-721
-730
-690
-679
-642
-866
-792
-781
-742
-759
-746
-829
-768
-844
-793
-772
-803
-778
-795
-846
-874
-776
-750
-822
-766
-763
-777
-844
-785
-772
-768
-859
-916
-710
-782
-766
-796
-803
-793
-809
-842
-708
-778
-680
-708
-865
-789
-797
-792
-768
-858
-797
-799
-750
-731
-910
-736
-793
-858
-748
-777
-777
-784
-833
-751
-1005
-810
-790
-806
-720
-736
-761
-798
-746
-718
-707
-726
-741
-754
-1192
-763
-716
-700
-791
-712
-1532
-748
-853
-832
-859
-843
-689
-781
-744
-725
-727
-749
-786
-851
-752
-786
-726
-735
-642
-687
-160
-668
-610
-877
-784
-772
-786
-821
-1496
-1446
-760
-865
-674
-852
-1503
-693
-714
-693
-687
-682
-677
-829
-802
-766
-768
-662
-678
-644
-687
-96
-632
-122
-99
-565
-663
-631
-742
-734
-754
-725
-768
-762
-793
-745
-777
-771
-783
-1131
-813
-770
-258
-734
-691
-768
-94
-697
-713
-721
-726
-759
-670
-695
-416
-682
-777
-805
-1139
-794
-713
-734
-686
-670
-765
-737
-727
-703
-685
-729
-704
-705
-1457
-1686
-770
-825
-822
-807
-774
-785
-1182
-761
-1317
-640
-798
-767
-1480
-1565
-795
-1159
-1772
-768
-1519
-736
-747
-887
-760
-723
-714
-1484
-772
-775
-905
-834
-851
-1027
-896
-767
-743
-751
-794
-705
-810
-706
-730
-872
-758
-728
-812
-862
-825
-794
-797
-849
-778
-836
-721
-743
-771
-724
-759
-716
-700
-734
-723
-778
-748
-707
-694
-696
-686
-685
-775
-730
-723
-785
-744
-744
-819
-984
-761
-1011
-796
-780
-773
-977
-782
-1005
-716
-734
-789
-710
-781
-769
-806
-806
-782
-773
-743
-731
-795
-786
-779
-807
-1251
-930
-853
-1279
-1818
-738
-1666
-1561
-1017
-1256
-809
-688
-670
-838
-677
-681
-772
-680
-701
-799
-1069
-758
-885
-808
-837
-779
-841
-740
-745
-762
-712
-676
-691
-672
-655
-794
-747
-760
-731
-798
-820
-821
-805
-753
-777
-713
-837
-772
-772
-773
-790
-785
-788
-753
-765
-802
-757
-736
-809
-672
-653
-80
-627
-617
-747
-656
-678
-638
-755
-756
-765
-738
-799
-811
-1024
-772
-756
-790
-794
-784
-748
-801
-763
-785
-776
-656
-1082
-712
-670
-684
-677
-715
-688
-660
-743
-722
-723
-723
-725
-748
-735
-743
-1475
-881
-1108
-1423
-1912
-1223
-1032
-833
-1443
-709
-1589
-1542
-175
-1237
-1581
-760
-779
-787
-773
-716
-711
-705
-702
-713
-687
-641
-657
-742
-787
-663
-795
-1572
-644
-1032
-676
-647
-629
-766
-734
-777
-1156
-1394
-1395
-667
-653
-645
-745
-758
-745
-791
-776
-823
-789
-736
-1148
-1634
-1539
-1415
-1239
-1005
-1357
-1144
-1545
-1142
-1352
-1511
-805
-1185
-97
-260
-113
-168
-617
-399
-54
-595
-44
-136
-108
-606
-737
-700
-748
-753
-1166
-666
-683
-1146
-641
-740
-1298
-1335
-1649
-763
-1545
-661
-741
-683
-702
-713
-644
-683
-637
-624
-1068
-1089
-768
-751
-736
-764
-745
-780
-789
-763
-779
-717
-701
-683
-749
-728
-758
-734
-648
-623
-671
-669
-667
-690
-676
-671
-705
-642
-1551
-1298
-1318
-1635
-754
-1215
-691
-731
-834
-790
-767
-784
-745
-819
-741
-835
-779
-762
-777
-859
-793
-701
-662
-947
-675
-785
-768
-767
-808
-389
-232
-350
-192
-104
-166
-127
-134
-627
-121
-124
-416
-132
-130
-427
-833
-825
-797
-812
-739
-730
-792
-731
-715
-692
-739
-728
-754
-757
-741
-779
-718
-777
-718
-728
-692
-739
-823
-745
-739
-757
-762
-760
-842
-802
-758
-787
-927
-736
-669
-698
-726
-756
-756
-774
-760
-749
-770
-870
-870
-752
-1165
-1554
-695
-731
-820
-750
-775
-774
-647
-652
-724
-732
-739
-728
-744
-771
-823
-856
-784
-775
-736
-722
-1154
-691
-684
-802
-925
-720
-698
-777
-755
-718
-756
-743
-724
-746
-737
-735
-749
-742
-769
-661
-728
-662
-687
-680
-955
-710
-720
-742
-682
-753
-748
-847
-751
-1033
-767
-888
-819
-767
-780
-754
-688
-704
-702
-731
-764
-745
-735
-766
-795
-734
-832
-740
-752
-773
-715
-771
-782
-732
-700
-704
-698
-750
-669
-750
-746
-760
-735
-786
-755
-804
-765
-694
-685
-661
-676
-829
-774
-744
-759
-714
-710
-865
-753
-1504
-949
-1314
-710
-702
-707
-649
-691
-682
-623
-656
-631
-645
-123
-161
-1090
-327
-458
-259
-165
-176
-1112
-185
-486
-173
-131
-637
-732
-617
-658
