-2080
-4971
-2957
-2100
-2057
-2411
-2601
-2596
-2834
-2868
-4592
-2044
-3173
-2065
-2092
-3381
-2799
-2034
-2083
-3509
-2823
-5017
-2030
-2110
-2265
-3434
-2216
-2088
-3520
-2045
-2882
-2981
-2245
-4783
-2286
-4771
-3066
-2441
-3406
-3492
-4505
-4066
-3669
-2574
-3101
-3500
-2411
-3319
-3470
-3183
-2917
-2051
-2909
-4306
-2955
-5348
-2946
-5498
-1974
-2964
-3514
-5050
-3527
-2132
-3726
-4725
-2620
-4274
-2540
-4657
-2900
-2052
-2218
-4428
-2420
-2000
-3525
-2713
-3190
-3124
-1962
-3089
-3606
-5026
-3893
-5773
-4058
-5329
-5529
-4788
-4979
-4904
-4932
-4003
-4209
-2819
-4901
-5097
-3640
-3315
-3699
-4200
-6073
-4489
-4326
-3984
-4375
-4708
-2000
-3928
-2077
-4502
-2090
-2044
-4251
-2505
-6935
-5286
-5196
-4972
-5207
-5045
-4894
-2095
-5203
-4985
-4796
-5336
-4742
-5435
-4561
-4265
-2108
-4249
-3087
-4229
-4422
-4119
-3666
-3604
-3777
-3612
-4624
-4668
-4621
-4691
-4324
-5388
-4735
-5123
-2776
-2752
-3940
-3697
-3113
-3287
-3055
-4619
-3131
-2112
-3168
-3336
-5386
-5085
-4977
-4624
-5888
-2146
-4715
-4845
-4937
-3017
-2989
-4032
-2059
-2869
-4683
-4943
-5268
-4682
-3212
-3004
-2730
-3182
-3219
-3583
-4549
-2873
-3750
-3221
-2735
-2046
-2000
-3430
-6300
-5947
-4311
-4544
-5234
-2665
-3425
-2073
-2000
-4049
-3726
-3056
-3148
-2240
-2695
-2000
-2431
-2753
-1974
-2867
-2087
-3257
-4201
-3603
-4216
-2408
-2922
-2604
-2065
-3547
-4039
-3195
-3163
-2528
-2681
-3907
-4033
-4196
-3008
-4561
-2798
-3969
-3152
-2491
-3736
-2435
-2078
-2730
-2693
-2370
-2047
-3040
-2362
-2268
-2259
-2089
-2091
-2320
-2000
-2039
-1477
-1149
-2553
-2298
-2717
-2624
-4388
-2388
-2847
-2000
-3121
-2000
-2479
-3161
-2805
-3410
-2000
-2232
-1999
-2025
-1842
-1804
-2986
-1615
-2155
-2193
-3009
-2247
-2360
-2310
-3335
-2410
-2380
-3018
-1762
-1956
-2097
-3183
-2234
-2746
-2801
-1709
-2379
-1943
-1730
-2119
-3729
-1944
-2118
-2260
-2062
-3166
-2000
-1911
-1799
-3125
-2739
-2114
-2396
-3607
-2729
-2922
-2068
-3170
-2000
-4561
-1857
-2605
-2701
-2167
-1863
-2204
-2901
-2530
-2064
-2667
-2714
-2390
-2055
-2640
-2480
-4228
-3962
-2572
-1614
-2020
-2928
-2000
-2144
-3292
-4123
-2850
-2757
-3417
-3549
-2103
-2601
-3476
-3921
-3404
-3360
-2472
-2623
-1690
-1966
-2024
-1623
-1957
-3273
-2919
-2154
-2000
-2000
-2296
-2077
-1539
-2871
-4281
-2060
-2000
-2000
-2554
-2492
-2766
-2849
-3136
-4265
-2183
-1718
-2933
-1820
-1516
-2547
-2311
-3785
-4003
-2177
-3628
-2123
-2662
-3034
-4153
-1712
-3571
-2141
-2909
-1564
-3289
-2052
-2266
-3987
-2034
-2017
-4401
-3084
-4501
-4023
-3837
-4723
-2028
-2660
-2043
-3349
-2529
-3375
-2334
-3942
-2861
-2609
-3465
-3056
-3780
-2015
-1457
-1860
-1135
-3642
-2390
-1752
-2704
-3048
-1162
-2524
-1900
-2096
-3813
-2882
-3908
-3063
-3542
-2981
-1613
-1128
-4432
-2133
-2876
-3132
-3206
-2044
-1793
-3142
-3280
-2736
-1180
-1497
-1810
-2717
-2908
-1875
-2647
-2542
-2440
-2563
-2540
-2467
-2716
-2828
-1992
-2504
-2546
-2769
-2085
-2304
-2521
-1728
-1909
-1834
-1408
-1904
-1873
-1795
-2559
-1892
-1278
-1223
-2093
-1687
-2973
-2521
-2330
-1833
-2338
-2477
-1878
-1748
-2068
-2809
-580
-2649
-611
-321
-3416
-518
-1253
-3377
-2943
-1515
-3348
-3130
-3233
-1854
-1550
-2401
-2785
-2033
-1284
-1517
-1418
-1263
-1318
-1927
-2484
-1906
-2743
-886
-453
-1127
-2459
-1004
-1195
-3491
-1826
-2004
-3359
-3500
-2004
-3125
-1833
-3627
-3590
-2000
-2000
-1464
-1750
-1481
-1713
-2667
-3346
-1575
-1838
-2935
-3806
-1717
-3444
-2820
-2148
-3914
-1577
-2148
-1957
-3351
-1850
-1327
-3261
-1122
-1597
-1295
-1851
-1787
-1938
-1638
-3208
-2279
-3251
-2522
-2126
-3595
-3568
-2487
-1986
-2720
-1974
-2008
-1864
-2084
-2100
-1691
-1702
-1501
-1300
-1081
-1606
-2403
-1640
-1044
-1072
-1345
-1290
-1095
-2941
-1240
-1028
-912
-6259
-1493
-1410
-1209
-2001
-3447
-2000
-1914
-4404
-2000
-5333
-3424
-2240
-2000
-1383
-3016
-2791
-1585
-1488
-2591
-2103
-3489
-1555
-2724
-1686
-2340
-2204
-2263
-1663
-2075
-1761
-2307
-3284
-4642
-1455
-1976
-1198
-1379
-1376
-1352
-952
-1133
-1124
-1130
-1312
-1590
-1409
-1217
-3244
-2037
-1569
-1387
-1603
-1317
-3279
-2065
-1279
-1297
-2007
-1387
-2031
-1041
-2829
-1417
-1231
-818
-810
-420
-632
-1482
-1373
-1192
-3641
-2054
-2974
-2028
-2128
-2634
-2000
-2000
-2000
-2910
-1622
-1459
-1169
-1811
-1206
-992
-2878
-753
-325
-860
-2073
-1349
-1448
-3033
-3155
-1946
-1330
-1565
-1344
-1387
-3239
-2000
-2506
-1875
-2091
-1677
-1550
-1264
-1165
-1022
-1219
-413
-562
-525
-633
-668
-2470
-2476
-412
-2477
-456
-2548
-503
-2383
-713
-1417
-1197
-3015
-3046
-3328
-1411
-1846
-1591
-1469
-1095
-1183
-1319
-1221
-1540
-1631
-1748
-1887
-1959
-2812
-1729
-2039
-1749
-1836
-1921
-1785
-1774
-1369
-1432
-1641
-1498
-1807
-1714
-1762
-1867
-1884
-2089
-2007
-1783
-1827
-1780
-1937
-3070
-1080
-1099
-1037
-1063
-1679
-2021
-1920
-2062
-1700
-1563
-1775
-1842
-1667
-1095
-1276
-1015
-1238
-954
-1083
-1135
-1038
-1003
-647
-1027
-773
-2055
-2000
-929
-922
-1112
-1290
-970
-1099
-1157
-1205
-1340
-935
-1207
-1222
-979
-1352
-1090
-1286
-1247
-1216
-1392
-1320
-1104
-3295
-1388
-1598
-1502
-1519
-1185
-1109
-1055
-1071
-1484
-3515
-1294
-1190
-1530
-1547
-1561
-3035
-1466
-1330
-2774
-2506
-994
-346
-943
-3105
-2000
-1905
-1266
-1318
-1780
-2488
-1014
-1050
-928
-1341
-1041
-1209
-1075
-1146
-2208
-2189
-1200
-1109
-3358
-2000
-1131
-1174
-713
-1199
-1048
-1005
-905
-1475
-2633
-2867
-2699
-1382
-2999
-763
-642
-745
-1104
-757
-843
-2000
-865
-862
-1126
-1078
-1123
-1392
-1016
-1082
-1584
-1286
-1642
-1545
-1505
-1246
-1477
-1572
-1535
-1598
-1291
-1303
-1291
-1073
-1227
-1263
-2000
-1465
-1095
-3162
-1540
-2714
-1317
-1437
-2047
-1513
-1989
-1163
-1256
-3120
-1109
-1274
-1337
-1132
-1207
-1131
-436
-2412
-407
-488
-367
-2448
-398
-338
-2326
-440
-420
-565
-558
-447
-460
-397
-2614
-2573
-2583
-2749
-3120
-2980
-3059
-3202
-1355
-1445
-1236
-1138
-759
-993
-924
-928
-841
-507
-2253
-1083
-1340
-3038
-1187
-1169
-1010
-827
-874
-1216
-1306
-2279
-2706
-1062
-2607
-1657
-1337
-1269
-3192
-1403
-1458
-1215
-1268
-2385
-2000
-2537
-1072
-1471
-1341
-1265
-1529
-1061
-785
-730
-916
-871
-410
-838
-434
-793
-407
-926
-444
-636
-2000
-1995
-1214
-1510
-2891
-1365
-1512
-2095
-1342
-3465
-2094
-1654
-1648
-2442
-1372
-1739
-2722
-1728
-3722
-1582
-1364
-1390
-1425
-1491
-1357
-1279
-1486
-1389
-1395
-2193
-1393
-1302
-1508
-1264
-1322
-1070
-1197
-2000
-1373
-1155
-1271
-1342
-901
-1033
-923
-861
-1171
-1133
-1472
-1114
-849
-2126
-2000
-809
-870
-706
-1392
-1346
-1090
-1375
-1647
-1789
-1415
-1629
-1486
-1387
-1401
-1788
-3742
-2015
-1695
-3117
-1637
-3151
-2143
-1421
-1381
-1486
-2071
-1376
-1030
-1028
-1309
-1112
-478
-963
-953
-732
-894
-932
-2254
-618
-962
-914
-996
-2026
-974
-1697
-1094
-1154
-872
-943
-945
-1126
-3051
-1074
-2888
-1119
-1178
-1561
-1704
-1601
-1756
-2000
-776
-772
-2588
-574
-382
-722
-1346
-1349
-1663
-1517
-1375
-1622
-1538
-1678
-2203
-2169
-2000
-525
-462
-912
-447
-1086
-476
-372
-605
-683
-638
-626
-778
-841
-2597
-767
-2187
-644
-530
-1000
-751
-2084
-2085
-1353
-1604
-1328
-1355
-1417
-1450
-1581
-1435
-1137
-1083
-1307
-1337
-1296
-1326
-1233
-1180
-1116
-1150
-1047
-1484
-612
-461
-525
-536
-965
-322
-605
-509
-596
-499
-808
-745
-932
-1033
-1314
-1137
-1506
-1198
-1227
-1413
-1343
-1127
-820
-421
-606
-443
-684
-514
-625
-2210
-591
-525
-460
-496
-710
-905
-496
-498
-852
-1416
-1292
-1162
-1384
-2000
-1347
-1122
-1471
-2417
-1288
-880
-2359
-392
-2026
-2569
-862
-2646
-2696
-1588
-1647
-1683
-1651
-1190
-1237
-1202
-1277
-977
-2601
-963
-1080
-2453
-1128
-2425
-937
-1147
-2502
-2000
-2021
-1328
-2653
-1828
-1529
-1638
-1555
-873
-841
-807
-806
-1010
-1041
-939
-920
-2412
-920
-836
-2364
-882
-884
-1176
-1123
-2137
-1189
-2120
-1234
-1382
-1460
-1737
-1410
-1079
-1048
-1175
-1041
-1388
-1469
-1394
-1379
-751
-713
-833
-921
-1226
-1437
-1186
-1186
-1158
-912
-764
-795
-885
-771
-832
-721
-2215
-3356
-3051
-549
-2847
-1303
-1377
-3130
-2530
-3394
-2428
-3288
-2172
-2406
-3052
-2537
-3238
-3438
-3091
-1635
-3134
-2316
-2714
-1222
-1449
-756
-2528
-2585
-1346
-751
-859
-954
-880
-1041
-1231
-1025
-1053
-878
-952
-1021
-951
-774
-389
-732
-700
-703
-1325
-2214
-1201
-1328
-1249
-1143
-2232
-1320
-1321
-1278
-815
-931
-922
-831
-1092
-1253
-1227
-2694
-2000
-1339
-1246
-1102
-1278
-1088
-547
-925
-2050
-1008
-946
-973
-2000
-880
-796
-1018
-800
-778
-822
-902
-816
-1119
-1020
-1091
-1160
-755
-876
-724
-772
-2271
-2556
-2039
-1982
-2090
-2114
-2211
-1991
-2000
-820
-775
-873
-790
-753
-886
-886
-948
-1508
-1627
-1184
-1324
-325
-922
-850
-552
-1118
-424
-2000
-555
-646
-720
-597
-1264
-1265
-1199
-1188
-634
-707
-708
-625
-1154
-1273
-1147
-1218
-1441
-1311
-1338
-1516
-901
-940
-850
-954
-638
-1111
-808
-424
-524
-894
-790
-1012
-1002
-895
-2000
-2000
-2887
-871
-2533
-779
-868
-2392
-772
-314
-757
-956
-870
-771
-986
-1017
-327
-639
-2617
-724
-647
-865
-2291
-846
-834
-892
-2702
-928
-781
-1191
-1816
-2646
-1323
-1362
-1079
-1120
-1052
-1275
-833
-963
-1018
-986
-763
-857
-819
-926
-808
-794
-699
-805
-1278
-1311
-1361
-1284
-1242
-1223
-1283
-1293
-1450
-1225
-308
-1184
-1311
-1625
-1519
-1645
-1715
-1328
-1555
-1500
-1521
-1295
-1393
-1511
-1446
-864
-876
-900
-898
-1483
-1621
-1564
-2088
-1308
-1185
-1212
-1373
-832
-708
-726
-447
-779
-724
-811
-695
-824
-986
-865
-950
-1156
-479
-2211
-894
-704
-906
-377
-2388
-949
-677
-589
-440
-640
-2338
-435
-369
-374
-777
-2377
-795
-743
-660
-2563
-2701
-368
-424
-295
-681
-352
-658
-750
-807
-969
-851
-815
-795
-857
-809
-879
-1015
-1115
-964
-1044
-1042
-980
-1001
-903
-1263
-1204
-1257
-1313
-866
-835
-2032
-775
-867
-944
-1113
-937
-966
-1214
-1299
-1204
-1244
-1049
-1065
-1006
-1031
-1058
-1115
-945
-993
-838
-806
-834
-768
-1249
-1093
-1157
-1317
-894
-1065
-856
-803
-2115
-863
-890
-992
-862
-2158
-2000
-1830
-2395
-2977
-2964
-2837
-1567
-2160
-1825
-2211
-1774
-2777
-2192
-2521
-1611
-712
-627
-763
-743
-887
-834
-869
-813
-715
-304
-597
-274
-573
-336
-768
-2085
-2000
-383
-3636
-2000
-2100
-325
-297
-2109
-2000
-622
-653
-696
-839
-2131
-866
-1046
-2773
-947
-1312
-1282
-1269
-1212
-756
-2201
-2000
-1185
-916
-978
-1111
-1248
-1371
-1440
-2158
-1484
-1172
-1528
-1638
-762
-2128
-937
-645
-612
-2153
-2000
-2000
-914
-710
-893
-2595
-641
-1079
-1103
-1291
-2694
-1777
-2937
-2451
-2561
-2668
-1433
-1484
-1786
-1301
-1744
-2078
-1639
-1860
-1911
-3256
-1464
-2604
-1926
-1300
-1024
-1305
-2417
-2138
-2977
-1262
-1012
-1006
-1053
-1266
-1201
-1092
-1142
-841
-1148
-982
-1047
-2554
-2732
-2696
-991
-745
-952
-931
-2831
-1023
-1214
-2502
-932
-733
-978
-889
-881
-2634
-990
-1037
-928
-906
-888
-916
-2141
-859
-637
-2172
-870
-905
-987
-2165
-890
-1039
-1117
-1342
-1358
-961
-1028
-1101
-1062
-1359
-1337
-1214
-1207
-2681
-1013
-1004
-985
-1008
-3026
-1197
-1263
-1128
-1180
-812
-811
-782
-743
-849
-849
-1172
-894
-2000
-966
-1043
-1015
-1013
-1335
-1325
-1392
-1340
-1690
-1557
-1525
-2912
-1399
-962
-1055
-895
-947
-1325
-1414
-1507
-1466
-970
-825
-899
-953
-1433
-1227
-1424
-2762
-2000
-1288
-1422
-1297
-1368
-1491
-1161
-1146
-1211
-1102
-1084
-1054
-924
-888
-1245
-358
-751
-586
-782
-1072
-2241
-2210
-1714
-978
-853
-2317
-1349
-1256
-1228
-956
-813
-940
-1092
-2000
-1023
-2789
-857
-945
-1295
-2247
-455
-321
-498
-580
-501
-467
-547
-930
-1427
-1198
-1228
-1181
-678
-819
-746
-779
-1242
-1374
-1252
-1293
-1334
-1590
-1749
-1571
-2399
-1804
-1483
-1525
-3324
-1048
-2576
-1049
-1069
-1629
-844
-1067
-1196
-2064
-950
-1335
-1114
-1274
-1233
-1136
-1309
-1230
-1131
-882
-1029
-839
-864
-882
-724
-1692
-926
-693
-2080
-890
-1064
-968
-1006
-94
-2000
-712
-570
-675
-728
-666
-331
-472
-388
-391
-383
-378
-457
-416
-291
-461
-379
-409
-437
-309
-2551
-2649
-2719
-2630
-561
-2154
-2689
-2505
-2230
-2437
-2874
-480
-449
-435
-331
-2135
-2000
-511
-397
-290
-2145
-304
-284
-336
-391
-413
-343
-317
-308
-2326
-326
-2153
-375
