-2047
-2022
-2664
-2030
-2347
-2289
-2069
-2589
-2220
-2049
-2407
-2122
-2688
-3014
-2108
-2512
-2037
-2544
-2128
-2623
-2663
-2066
-2258
-2074
-2462
-2052
-3172
-2405
-2573
-2078
-2172
-2588
-1334
-1527
-2333
-1291
-2157
-2068
-1373
-2691
-2205
-2281
-3033
-1393
-1400
-1298
-1476
-1348
-1285
-1225
-1254
-1327
-2315
-2557
-1213
-3300
-1457
-2319
-2133
-2895
-2732
-3135
-2491
-2841
-3403
-2768
-1371
-1111
-1702
-2034
-2858
-1977
-2053
-2317
-1377
-1310
-2048
-1514
-1068
-3249
-1384
-1356
-1496
-1556
-1368
-1775
-1404
-1494
-1537
-1653
-1564
-2530
-3059
-2820
-3056
-2174
-3156
-2373
-2580
-2537
-1201
-2265
-2536
-2210
-2430
-2191
-2011
-1219
-1332
-2256
-2596
-2507
-2401
-1197
-2349
-2365
-2607
-2572
-2533
-2960
-2574
-2498
-3279
-3409
-3787
-2861
-2721
-2804
-2619
-3112
-2499
-2292
-2046
-2568
-2203
-2127
-2174
-2274
-1535
-1118
-1138
-1118
-1347
-1122
-1322
-1318
-1158
-1249
-1143
-3256
-986
-1115
-1373
-1540
-1403
-1353
-1085
-1221
-2142
-1242
-1092
-1130
-1300
-1231
-1279
-1032
-1255
-960
-1031
-1118
-1033
-2551
-1157
-1208
-1078
-1096
-1169
-1196
-1124
-1111
-1296
-1090
-977
-1092
-1200
-1134
-1221
-1169
-1155
-1065
-1181
-982
-1006
-2033
-1043
-2286
-1007
-1022
-1142
-817
-1008
-2597
-2930
-932
-1053
-3147
-2542
-2873
-1266
-1092
-2387
-1080
-1090
-1015
-927
-1079
-2625
-1058
-2372
-1023
-989
-1127
-1247
-1093
-1003
-1278
-1024
-1067
-964
-1093
-1049
-1072
-1128
-929
-878
-884
-1042
-876
-2332
-996
-992
-891
-1090
-917
-899
-828
-1060
-843
-850
-1043
-917
-938
-1083
-366
-175
-1007
-384
-687
-939
-843
-1062
-2749
-1134
-3091
-2966
-2453
-780
-2125
-2692
-2685
-2892
-872
-817
-2442
-2789
-2851
-2649
-2686
-2829
-861
-797
-2635
-2637
-1038
-2857
-837
-2590
-2364
-2463
-2854
-2665
-848
-970
-879
-2867
-851
-892
-855
-787
-796
-843
-798
-2687
-949
-775
-897
-2764
-2584
-821
-2455
-779
-2540
-2483
-856
-2670
-2328
-881
-2769
-2707
-909
-993
-888
-2821
-1013
-2865
-891
-979
-925
-908
-979
-979
-2069
-857
-993
-2341
-1083
-2142
-958
-944
-995
-1059
-1104
-910
-940
-918
-2999
-1041
-1007
-1052
-1098
-562
-874
-1009
-1042
-873
-1763
-1066
-2590
-919
-1039
-867
-1097
-904
-827
-1104
-864
-904
-860
-980
-775
-924
-834
-2288
-795
-714
-759
-982
-860
-869
-2210
-795
-823
-889
-828
-946
-2761
-858
-847
-1035
-916
-1051
-901
-921
-2265
-1188
-869
-875
-848
-938
-910
-884
-811
-914
-809
-763
-2723
-833
-777
-889
-865
-784
-898
-864
-762
-2972
-815
-855
-812
-2559
-886
-940
-923
-808
-890
-779
-945
-842
-807
-838
-793
-932
-799
-849
-752
-838
-739
-837
-739
-916
-785
-786
-2701
-2611
-869
-814
-813
-835
-808
-765
-776
-816
-864
-763
-774
-2652
-876
-830
-867
-802
-807
-832
-907
-765
-782
-815
-939
-774
-748
-864
-750
-875
-854
-932
-951
-720
-784
-780
-706
-815
-732
-936
-812
-740
-781
-858
-874
-816
-760
-769
-1068
-685
-715
-763
-867
-744
-1032
-836
-883
-2073
-819
-791
-2651
-809
-790
-817
-2733
-770
-769
-1079
-723
-765
-887
-2718
-870
-847
-866
-728
-819
-840
-764
-796
-784
-755
-762
-826
-755
-779
-805
-756
-811
-713
-752
-819
-773
-733
-811
-792
-780
-764
-755
-813
-846
-859
-821
-947
-1138
-1051
-916
-873
-897
-841
-928
-896
-886
-801
-790
-828
-840
-1248
-813
-828
-797
-504
-912
-731
-841
-751
-961
-1158
-1178
-677
-642
-721
-611
-821
-989
-927
-864
-862
-831
-879
-914
-915
-1034
-866
-930
-1055
-812
-750
-824
-819
-883
-902
-793
-808
-795
-756
-768
-776
-880
-830
-1084
-828
-943
-783
-857
-2202
-850
-788
-863
-847
-889
-839
-965
-2790
-2572
-859
-2169
-928
-755
-853
-831
-775
-741
-802
-901
-813
-793
-807
-789
-826
-738
-757
-808
-817
-2145
-774
-786
-799
-815
-801
-833
-792
-1120
-2596
-2724
-899
-820
-2650
-2583
-800
-2910
-930
-775
-864
-871
-803
-849
-2755
-822
-2502
-2675
-931
-781
-794
-780
-837
-2501
-792
-2520
-763
-792
-789
-759
-718
-2674
-831
-741
-718
-960
-760
-844
-811
-777
-758
-755
-729
-769
-856
-787
-754
-812
-759
-722
-748
-780
-761
-759
-748
-732
-795
-810
-757
-790
-825
-713
-769
-712
-690
-718
-724
-744
-2062
-788
-708
-785
-710
-793
-770
-956
-751
-699
-732
-687
-703
-710
-699
-713
-2015
-849
-791
-2132
-974
-2021
-3001
-929
-3211
-851
-854
-1289
-1038
-897
-979
-1264
-908
-1118
-758
-784
-936
-843
-721
-803
-2015
-851
-791
-774
-753
-909
-780
-845
-829
-812
-2017
-795
-808
-867
-799
-818
-2048
-834
-781
-843
-779
-827
-818
-795
-753
-1349
-1016
-1363
-1185
-3469
-1047
-1056
-800
-1034
-909
-873
-822
-743
-874
-827
-916
-900
-871
-801
-776
-804
-818
-777
-944
-682
-2183
-761
-776
-711
-787
-759
-735
-718
-810
-791
-736
-846
-853
-799
-740
-783
-748
-2765
-875
-2461
-756
-713
-746
-732
-785
-730
-795
-731
-766
-777
-782
-735
-703
-707
-744
-737
-786
-701
-717
-809
-702
-727
-734
-755
-751
-772
-729
-729
-710
-905
-696
-694
-789
-742
-751
-721
-709
-2789
-699
-887
-685
-2846
-882
-2865
-884
-967
-788
-710
-2877
-2772
-2593
-749
-928
-1286
-851
-2865
-2735
-2865
-744
-2364
-2350
-756
-2543
-2447
-786
-772
-792
-855
-792
-796
-786
-813
-983
-780
-690
-796
-718
-940
-3563
-729
-1150
-913
-636
-1018
-752
-697
-801
-815
-781
-806
-783
-841
-738
-806
-721
-756
-701
-732
-644
-773
-783
-754
-788
-700
-792
-648
-738
-726
-653
-681
-665
-684
-728
-697
-750
-723
-749
-767
-773
-689
-676
-669
-932
-667
-712
-704
