0.03543321999311447
0.0343967258523811
0.03118715864872294
0.03759100288152695
0.030099171909193197
0.0417376384139061
0.048898483316103615
0.03626401349902153
0.0239553019994249
0.03416222321614623
0.029294815535346668
0.0400679986923933
0.027983581511037692
0.027993594606717426
0.03346276299537797
0.038588131810115146
0.01406757175922394
0.023420032225549225
0.0225321902770549
0.037411818987689915
0.045207456685602665
0.04845798201858997
0.02260449567250907
0.025768772120401264
0.016850048787891866
0.01974110116596733
0.04711802216196383
0.03144663378857076
0.02767973097962337
0.027861035574566238
0.03333129981067032
0.056808056930700936
0.021803950417041782
0.03194322623312473
0.02487822624735343
0.028242868904024367
0.058784820712529696
0.02676187333961328
0.05479942900793893
0.026917556139119603
0.034248962834477426
0.04563233350714048
0.017204697983339432
0.0496421705459555
0.01
0.04411597363650799
0.057283734902739525
0.02569658401794732
0.029351767543225715
0.024542233623564245
0.026805906361341475
0.020644397669716888
0.046622839445869126
0.028786055858891744
0.05848825226227442
0.019937068100361267
0.019591106213629247
0.030421421354443864
0.03559550348632037
0.031867852897072835
0.028176682746410373
0.02595413615554571
0.04857921735040451
0.023988990463316442
0.022242079527918682
0.046554770320653915
0.02575689684152603
0.025260716148093346
0.02191369087249041
0.014915246180444956
0.019627212262898687
0.03387101748362184
0.03762725824283229
0.01976161352209747
0.03051794666577788
0.029375635021924962
0.016462862566113474
0.03135470594838262
0.03007554233632981
0.028612379348650574
0.02410081477202476
0.020950075107812882
0.024976472204923633
0.05633655600249767
0.015159906255826354
0.023097834168002013
0.025051121013611555
0.024190537776798013
0.01562873446047306
0.01588816438689828
0.07154548447579145
0.027423582215234638
0.024052255377173423
0.016982865900546314
0.023368510308116673
0.025886390967667105
0.025600317945331335
0.027240968662872903
0.0334376247022301
0.029018185104057192
0.030347020684555172
0.024955466843396428
0.02844211925268173
0.02765194931998849
0.0283944739446044
0.016104888384044173
0.02277585968679311
0.02703176679722965
0.028744263455644247
0.024422482967595846
0.025434874208271504
0.023603280257433655
0.03221966067105531
0.025634809619614056
0.025928171373531223
0.029176531720161433
0.023587832207605238
0.029889770480617875
0.02417501946054399
0.01931190928593278
0.03023987195976079
0.021407384730875487
0.03200187486857176
0.031425219175964594
0.03250416756384075
0.03165451744347811
0.03282319583967328
0.05364313597480456
0.03624634444564581
0.02622049895450473
0.017383637713640928
0.033176233632117504
0.0331369949977845
0.028930276808142658
0.025756193219497795
0.0262137612413615
0.03234321223162115
0.02522406086474657
0.028116057616844773
0.02149607747010887
0.03155903000868857
0.026576279636099938
0.02846643571257591
0.02901425065435469
0.028304309721291068
0.022200285202637317
0.024075841924326647
0.028853758205100895
0.025864674390107388
0.022270656520128242
0.025501846774667502
0.022827654939926702
0.029592835065349935
0.019663484795019035
0.025017047914490106
0.024082255427166816
0.02149200894907117
0.0247712895706296
0.02182652004063129
0.019895839865878225
0.016350245637074115
0.023487186943739653
0.019691705669256602
0.01954305405132473
0.024262429295480246
0.02747560799829662
0.018291937026754024
0.016104476722702387
0.01793198691606522
0.02380583873391151
0.028450150576139255
0.019050095756724478
0.02379229132509367
0.026915678848698738
0.028904122928902508
0.023144091368466613
0.029841734157875183
0.027248460904136303
0.02433555821850895
0.02577045394703746
0.02573780194903263
0.017293275668099527
0.026886924046278002
0.02534973938465119
0.026312951747700576
0.03284400394301356
0.03185209577033917
0.031641148184984924
0.0160740440774709
0.030455359042808414
0.026966358178108933
0.02264324833452702
0.02508917655907571
0.0163283170003444
0.031967236020025755
0.028148182602226735
0.03377756381481886
0.029112216371670368
0.02700584221743047
0.02937337011769413
0.028261984027549626
0.01523212036713958
0.01761144396699965
0.08189038652293384
0.026515206132456656
0.025936025810986762
0.03814893145523965
0.027999096434031215
0.030918630244582898
0.027772496307268742
0.018274771665781737
0.018984543794766072
0.11684134876355529
0.015177887443453074
0.030195741717845708
0.03315813613608479
0.030655048001734984
0.023215949125587942
0.030417921561747788
0.0981985955241691
0.07757245447076856
0.01840870532616973
0.030039667282253504
0.029830997944995764
0.027223215568438174
0.02938662186264992
0.025056589093431832
0.030080347382277255
0.03149335317052901
0.03054413545168936
0.03081355183720589
0.031425086222589015
0.0317401557136327
0.021752853890508416
0.025367096116766335
0.03026925181746483
0.026357849197834734
0.028797983741015196
0.03149655882939697
0.034774249570816755
0.03190953419804573
0.027694570610672233
0.028481225080415607
0.026943491066247226
0.03340234840586782
0.03388600251711905
0.030713664237782358
0.025664717007055877
0.03329783214777708
0.03103175728656351
0.03286479613371193
0.03266274328157306
0.017436449717730288
0.033667294800281515
0.028819357715547084
0.027930180060012005
0.03011884416043758
0.03637057924494148
0.030336729076877237
0.031256905392184856
0.02682128368765116
0.033667298329994086
0.026762286978183503
0.02596071791090071
0.03373716766759753
0.03251675798855722
0.043898522648587825
0.027577167190611363
0.031042521871253843
0.030676161623373627
0.03103048115558922
0.03540037954039872
0.035876226440072066
0.032797283514589076
0.030548895210772756
0.029652951703965664
0.03377257944829762
0.05405110423862935
0.02669776828512549
0.0852217502437532
0.029026841681078074
0.032699526108428835
0.03407935829274356
0.030663438411802052
0.039325670864060525
0.024273098702852925
0.029394198232144123
0.03988272760175168
0.029485728004947306
0.03377559269182384
0.03727274628281593
0.030259304561093447
0.030393154183775185
0.03335644014291465
0.03166317506469786
0.03308487491309643
0.035598135871067645
0.03415454424098134
0.03433694201306655
0.028177089414373042
0.036149346517398956
0.02918553678318858
0.03246894939243793
0.036912946960864924
0.031826271816343066
0.03683690900293489
0.02789805628582835
0.03183730706423521
0.0361434656791389
0.02890184604302049
0.035885728899703685
0.02552334005571902
0.02271604455634952
0.030478178292512897
0.03294929632954299
0.031442347846180205
0.03610072614923119
0.03181544790156186
0.035284781938791275
0.0371626567337662
0.03286985289156437
0.03269452814757824
0.03430226937681436
0.028765533364936705
0.027854365403950213
0.06605270742923022
0.03270337862335146
0.03671174685992301
0.03531070445030928
0.08592145844995976
0.03858566716685891
0.039134769890829924
0.017793298188596967
0.030648877758905294
0.033573969375342134
0.028231834767386315
0.02458607005812228
0.033114739799126984
0.03653430456039952
0.04344017492048442
0.032334623074159026
0.03833097422166782
0.01948669378012419
0.028089177817851304
0.021277719004824752
0.026741177537664765
0.037893762964664436
0.03350720290653408
0.02416445378921926
0.030648356046331555
0.02642346872128546
0.03191708791144192
0.039654003523290154
0.03873085845532742
0.031004490591958166
0.03487426266185939
0.03154620697051287
0.02979195859577311
0.03334356362640392
0.03146533178165555
0.01586357042901218
0.03542410109974444
0.03107101130783558
0.03739465616941452
0.03788150227293372
0.03690342772640288
0.034519902005419136
0.03437366451434791
0.03382553806826472
0.03289230904579163
0.03565564306138397
0.03256788204982877
0.03831844484715751
0.03655414607804054
0.0341846677829181
0.03255239156664026
0.033850446858257055
0.033573306622284076
0.0342378444359689
0.031147433932498095
0.03598812506832182
0.03277094413328804
0.03064939455166459
0.031772625858336685
0.030257332886382934
0.0188984557941556
0.03422326412126422
0.036456058824370655
0.03324979439750314
0.03043518014587462
0.03507369665314957
0.02885012045677286
0.03976132247208928
0.033355795796013485
0.03513575712839762
0.030719766161884328
0.03255356327183545
0.032198406589475086
0.013236911125481128
0.012203587506711484
0.03144005780418714
0.03442438791133464
0.013865035381913186
0.03146270447894931
0.038547148692235356
0.03344606174901128
0.028793557583913207
0.031950505662336946
0.013603791472688318
0.03215348460264504
0.0308912452403456
0.03282627301966096
0.033167922470372084
0.03208588931299747
0.03243695355521945
0.033835423915460704
0.035485810230724335
0.03537071065828204
0.036010480929166075
0.014698448671028019
0.03452568196766079
0.029338926453515893
0.03400182170942426
0.03344745692871511
0.03845271449424326
0.017513838460668923
0.03525990058779716
0.035491122520476016
0.03145363112464547
0.03904444729401307
0.032745299126420706
0.035128292207546694
0.035426908392459155
0.03031384409181774
0.02998498077988625
0.02854817779995501
0.03003176148943603
0.02934211727716028
0.032451321696052735
0.026140386680513616
0.02950010412074625
0.035686453807726504
0.036226941889617593
0.03198973824083805
0.03955111064203083
0.03409383201636374
0.03432198877558112
0.03595487170256674
0.02762234148001526
0.03264936033556218
0.03596302893571556
0.04051413510851562
0.0375140609677881
0.03678992838039994
0.040018512431159614
0.013717833521962167
0.033126778527721765
0.04176259062614064
0.036874244314804676
0.038577667569741604
0.03625308860689402
0.034759729444608096
0.036174004425853494
0.04184207838214934
0.03601501908041537
0.012865667092427613
0.03503450395837426
0.034011487790942194
0.034038121461868284
0.03844659505337477
0.03541247770749033
0.0375701138228178
0.03806617960706353
0.035714242655411364
0.03917792259603739
0.0375533152829755
0.035710165371373295
0.032275806577876216
0.027471324566006664
0.04036668806709349
0.03205921060580295
0.01314794736839831
0.02558288216106594
0.038613764582574366
0.0373010778033899
0.03919676176607609
0.03762161364157995
0.040809870915859935
0.03699573273062706
0.013758667352050544
0.036100595862418414
0.03766858275739416
0.037196558972613675
0.04659543554412156
0.038764119303599
0.04671110096387565
0.041216285574379605
0.043172753486458375
0.03529787547836701
0.04045401465396086
0.04323780880946862
0.03830110781751573
0.03720211663693189
0.04573591549647972
0.04185076214240065
0.03724201491319163
0.04081214190870523
0.036263456903398036
0.03363509135618806
0.03087129158332296
0.03878692368678749
0.03581167887098023
0.04055012451750892
0.03783929865388723
0.04202484504041965
0.03814964539649194
0.03447403967661678
0.03832745508886874
0.03949730391085551
0.038161025342132365
0.03638913617896684
0.04349228054471314
0.04072774159684777
0.037648639525904
0.03635143810324371
0.04294008557870985
0.03990374920368195
0.03743760034332381
0.04111121827475727
0.03729933483228088
0.036614850225051246
0.04054144145011209
0.041466127098351714
0.03904552872243681
0.03991571448563811
0.03823416252568778
0.03864374112263322
0.03924120525438939
0.03875247214935602
0.042587618662251366
0.04034516655839979
0.04194823665149284
0.042598485117033125
0.03691145679874656
0.04405589393302798
0.03822634098473294
0.056818448580228366
0.04096759426370263
0.03516388341964733
0.0384803998403129
0.037056922282870504
0.04192096117690399
0.03891109484480694
0.039609667128296916
0.03572587265223265
0.036321321710944175
0.03782540443278849
0.036007742570277224
0.037395232453221273
0.037647562331574805
0.03509016271863805
0.044114323234644495
0.012669584159180522
0.03584542546533048
0.036790662817160286
0.03523710442632437
0.01324182536751032
0.03295013966336846
0.036960870781168345
0.03796512062528304
0.034947600081563
0.038739076663553716
0.033795120935514567
0.03445443978533149
0.03962210255384934
0.040622745260596275
0.04277254405276229
0.045146335281786465
0.034727150010317565
0.04259188980087638
0.03689006765570605
0.03813409007117152
0.039127336455881595
0.03987768833948808
0.03888580375090241
0.03958868283480406
0.021387793023139236
0.032120172447338696
0.1164064715243876
0.024005854498222474
0.029194752678275107
0.035106894102320076
0.034686854471856696
0.02628764697375733
0.03289300007559359
0.0361816335875127
0.04102088196612895
0.03654092625156045
0.04071514013409614
0.03997363839261234
0.038108152697697795
0.040486924786431094
0.04334612048589266
0.041033173520117996
0.03305719582299734
0.03018831840292974
0.04003027373440563
0.036183169343695046
0.06126472070999443
0.03367941398322582
0.026341409317404033
0.0359126260932535
0.04140710122697055
0.03284126851521432
0.06462272666804492
0.032035030227532416
0.030286831216141577
0.025837949325516814
0.02955802013166249
0.031427731893956666
0.0399090616098499
0.024980908122658727
0.030068135503679518
0.037784845311567186
0.03222527276575565
0.039107540005270176
0.03542160732489006
0.046548636179831286
0.042580165567773345
0.039821567357234335
0.03823692591697501
0.0433074007569147
0.03866885272827413
0.042701927455763025
0.045672532770978776
0.034897583375498656
0.04493169359666736
0.0419749860148187
0.03637626390855171
0.03970593665074557
0.039584293498098846
0.04116558171994984
0.03746070707496256
0.036148415114730596
0.03484229381158948
0.026353419233113528
0.039361568448487025
0.03666997126994594
0.036490498230509136
0.036648307227219144
0.03518751722238958
0.03559270693361759
0.03877840484082699
0.04085894088223577
0.047494156201454724
0.04098966890908778
0.04440278833856185
0.03634752023097587
0.04033484893385321
0.04123310936221355
0.04390574781143147
0.04444697416014969
0.04214069910980059
0.04145925625345924
0.04239575879316624
0.04303809240683913
0.03043313580536351
0.03791980592755689
0.03952404112704098
0.0920556371770799
0.03476107062995434
0.03552873071841896
0.08807261355854572
0.037043804899975656
0.10335724396593868
0.04369348650972825
0.03820436092279851
0.041139749844744805
0.041534355973824856
0.04695232871865881
0.04304150865226984
0.04487730412967503
0.03934374199658632
0.04663660819593229
0.04443957493256997
0.03595729410488119
0.04674677341468632
0.037811184130720245
0.03577088422226635
0.04448810476548969
0.04446191788390279
0.0378732482743371
0.039150320761278265
0.044835655923932786
0.040287329218909144
0.04006058540478673
0.04575171227753162
0.04431415715875725
0.04114737716913223
0.03676836981847882
0.038194616573995775
0.03905956952087581
0.04154747321028007
0.042087774243085616
0.03961051377960864
0.03963395808841668
0.04165369351756656
0.03700714171715081
0.04014922314770519
0.04340200469307601
0.043288760352507234
0.04659197970168359
0.03940358997769654
0.039799873593077066
0.044041930965334174
0.04343653304474568
0.043399126925655916
0.04139739020429552
0.03942592190642809
0.04302823293693363
0.04592320759780705
0.0374796045666524
0.04218512538783252
0.041978803693503146
0.03600807626955211
0.04044615536504848
0.039452154146879914
0.03995400206372142
0.0350007545016706
0.03678168649487197
0.03457449580712075
0.04260446155524772
0.039743621001765136
0.04450345606058836
0.04470423064865171
0.037605230938643215
0.047048906879697705
0.040394698292549165
0.045128817076236005
0.04390871581147637
0.0399868475522846
0.039168637678027154
0.03993122632987797
0.04246282236836851
0.04476434041932226
0.04189398826994002
0.03687492030588063
0.04284804881123516
0.04503736525774002
0.04256016370679798
0.04599331187574487
0.04297920153215528
0.04466813367530704
0.04139343512877822
0.026572410071579122
0.0325893758370408
0.03670263284488636
0.0332109520290243
0.045094252876260066
0.038357721476578246
0.04039365052171052
0.044797177945574126
0.04415012540258467
0.034123956882581116
0.0456887630921685
0.03597703147530556
0.03585373513543835
0.03805566555178828
0.03982265686754275
0.03718985994681716
0.03661754849859897
0.04302015752248142
0.03839188532217553
0.042707689895254114
0.04512407682836056
0.04697847282513976
0.0446705852832113
0.045390966031700376
0.03893457671672833
0.03564319136129184
0.044181364185363045
0.04764566291983311
0.04467178014468173
0.03843270034901798
0.04252433971390128
0.03364795644457142
0.038872335280122405
0.03229297254534979
0.03922984054018008
0.07206838267669083
0.03628785125248962
0.030986679973809616
0.07138449934015914
0.09102924322634935
0.04185585630022817
0.019998679555207493
0.039052539568198354
0.0467040220831047
0.04639471737891435
0.04227756156772375
0.04339352568352147
0.04084812372587621
0.04664836062565445
0.0433778262745451
0.04554791708500722
0.041726454339921476
0.038518441268242894
0.05274719574004411
0.04463002032116055
0.03703148620352149
0.06351510540992021
0.04194409880594446
0.03201931722909212
0.037521529068797826
0.038664315767958764
0.036360149423227364
0.04395710714932146
0.03164881885237992
0.04091192057904075
0.03330557263530791
0.04790269271470606
0.039512515286356215
0.03742674542339267
0.046469797790050504
0.036008085458375076
0.03884421786338818
0.04594116725251078
0.044209238086991454
0.04534358961973339
0.04257266324460506
0.04248684446513653
0.04295671049584734
0.04112895274658998
0.041515956134958704
0.04630745826289058
0.04193723677036663
0.038335567353027206
0.0407019603293803
0.04032964631432184
0.05152073820285937
0.04361580889672041
0.04280796810984611
0.04380841931079825
0.03670621398998344
0.0419262635308717
0.048990448169848495
0.04773423287037172
0.044847730721533294
0.04204390411096883
0.04699527888224935
0.041347314185079406
0.04811072959725199
0.04692978229245235
0.04305175989714204
0.04406381428204477
0.04689663334283978
0.0449330638859421
0.0449071356607601
0.04387483589090406
0.04799077475368976
0.049155652192234986
0.0398684975145192
0.039078105298802256
0.04725533995777368
0.051591354008350104
0.04329867837773192
0.03286897140927613
0.037385049492120744
0.03309318832978606
0.033895578058436515
0.042977093981676984
0.038652893236360036
0.03467883215676393
0.07535290805308464
0.033871997437626124
0.029982187848183375
0.08499476477205753
0.044073127766326076
0.047899953666264594
0.04548214174322784
0.043765292141586545
0.044245926158295736
0.046716019079793954
0.04629682297921843
0.04941581657750809
0.041983927754741725
0.04304743259285505
0.04102402495630086
0.04354826169497356
0.04205422013029456
0.04738490363092799
0.041706696697213545
0.0382552278901522
0.04347435444985565
0.03732027379795909
0.04544588547044744
0.043267001372628976
0.041599268230863594
0.04688349685498646
0.041311239008274346
0.047950373134679265
0.043884771495041525
0.03994347395277337
0.040653460659086704
0.047074140559837045
0.04553261702880263
0.046677421743947047
0.0432130191669516
0.04066451886955362
0.041236586412414906
0.0441900148713275
0.04997704494906508
0.05221812999634831
0.0375787289854553
0.04660829332553678
0.041342098763478656
0.04029601578750918
0.035791584711987526
0.04596463039095672
0.043454670484919675
0.04571196161624458
0.0425451436245607
0.04533102571786869
0.04299732262682584
0.03704207027796656
0.04452431866060942
0.0454073273789051
0.0453568984305969
0.039657051053252956
0.04708040260117163
0.03906814812731586
0.04348316970254694
0.0432826139923276
0.04801443591713905
0.04333047636819107
0.047062010634690524
0.05287036213737268
0.02852894395346875
0.03999350263870188
0.04192708233431462
0.036249692522817185
0.039095096208155156
0.0387908761307378
0.03833110050261021
0.039504161337018014
0.03248238048478961
0.038689042080193754
0.04197046677140813
0.046187766642662983
0.03601881554722786
0.040927316953462585
0.08294314418658613
0.03522516644210555
0.046269758547897694
0.03939346592873335
0.039418778651580215
0.036768726200237876
0.06246090320923499
0.032800860501825804
0.04414516660793309
0.03885293019153178
0.05185125672449804
0.04288420414036893
0.04192193601280451
0.048665161417038354
0.043400058380287626
0.04248486439213156
0.045982550783082846
0.05165228559147744
0.04752153417211957
0.04687802100800118
0.045995715772563756
0.045400052745309144
0.04880501751018607
0.045585172467066774
0.044274208231226485
0.04695680905878544
0.05291480912516514
0.045836052077263593
0.04939250389791348
0.04888916309726866
0.0413737397454679
0.03991799725926128
0.05243676855415106
0.05235855374485254
0.03518444815590497
0.0476902169175446
0.045161579650911415
0.04600213305093348
0.04821424437686801
0.046203199129770785
0.05121171191610672
0.04414065942789117
0.04883092331389586
0.044383121453970664
0.047111947335741096
0.04937683783758145
0.03883369728650262
0.05008270505529184
0.04179238245994957
0.04775276577100158
0.04112264220767162
0.049562132850821526
0.05118448694702238
0.043171524070203304
0.035432349346352345
0.03682249857663092
0.0400578266746648
0.037637852919805384
0.0328652209918946
0.035051645232098444
0.040315562169626354
0.03661291702993606
0.04234118474478071
0.03974506245851517
0.03487937792551284
0.078578946191445
0.07600439651794731
0.04930801291018724
0.04846980602576815
0.04712174487979831
0.05245089217236167
0.048741654853426644
0.054037695129712425
0.04600160810757767
0.05146550615468333
0.046494026284884006
0.04412641271241009
0.04300614492967725
0.03987741393968463
0.04596673493761392
0.05296693689056805
0.04812477418983525
0.04779727857273359
0.04710398542617137
0.0432456178539272
0.040154948705600366
0.04518545037135482
0.040618641404218454
0.043679193988668194
0.051604939957282374
0.04368643842171878
0.047042542520691365
0.03973970763850957
0.04586428708422023
0.04441356796994805
0.04286992799739043
0.04648819258362055
0.045403637923300266
0.045313627602389224
0.052528806921580566
0.04884379440597419
0.04116238731201048
0.04774740261628347
0.05129922416937702
0.05014674640015552
0.03953163955222677
0.04808403694381316
0.041027647955890964
0.046341348953288175
0.04504740800708532
0.04637913031503558
0.04251632472990375
0.030074443068727853
0.03770671924432883
0.03671329446263233
0.03408247240744531
0.0318275107268244
0.019126846212521198
0.041256183186738654
0.03703155775170992
0.0303101937730725
0.030813689938187602
0.0316576348721981
0.052842211614052455
0.0446127747580409
0.0234335373071107
0.043288753571687266
0.0467151009731672
0.045982531404920986
0.045821436495007424
0.035005650204562005
0.045345829366928055
0.045303358870248
0.04412493606408437
0.04471498607844114
0.04384507215532817
0.04766714792041218
0.04570511821657419
0.043745158213294215
0.048893590341322124
0.04742919864753882
0.04363994155526161
0.041771301545202734
0.04775359526276588
0.04828496587773164
0.04001230272379788
0.04694224763661623
0.05113922098341087
0.04312990263476968
0.040129192415624855
0.040968071478936406
0.04799274444934868
0.014241102715581655
0.03786102899942886
0.032473772714287044
0.033341381867602465
0.02918639998768385
0.032301288763433696
0.034802012046799065
0.03786556590549849
0.032279653659835456
0.03622136229351163
0.03907313300786834
0.03747945274671783
0.043633704298529134
0.04514553457979233
0.042056315367420515
0.03558016575225022
0.04189069381654262
0.050961838636015146
0.04276253997915141
0.03725862000669752
0.04207702341470487
0.036198272556066516
0.046028991675247315
0.04602540077687037
0.04379257548270346
0.04328885930825721
