0.041519792795181275
0.03535429724142887
0.02836201060563326
0.05073747970163822
0.039799717565377556
0.05073986575007439
0.02200504397973418
0.04462598264217377
0.02921056855041747
0.03808867638887361
0.023130876123905183
0.03191009038261005
0.03286330754203456
0.04013514146208763
0.04510120550791422
0.024961502308646837
0.0531898457556963
0.05614037998020649
0.03417217953638597
0.06208166293799877
0.041923557951425515
0.06745425505297524
0.04316692426800728
0.04625904882016282
0.03142653856581698
0.048398717364296316
0.041889628395438194
0.05035928916186094
0.05105211450295015
0.059058889746665955
0.02118775976385842
0.040297218648344284
0.029149297751486305
0.036952730268239975
0.07571394927799702
0.031259396307818266
0.022575151776628836
0.03126158297348481
0.027927061099931604
0.05517995357513428
0.04526106505231424
0.03990288823843002
0.02222716050470869
0.03557102948860374
0.0506526455283165
0.04343167104150938
0.04458271339535713
0.01871440384536982
0.03229644594284204
0.024901523366570474
0.022459671685472127
0.027051704576238986
0.015415663613006473
0.022190182243028416
0.024192777276039124
0.021395197926461697
0.04510695331171155
0.03261971017643809
0.026987192541360856
0.036855180747807026
0.02218722280189395
0.021139660866558548
0.03392186440005899
0.02373273711539805
0.02530707150697708
0.05156988521709162
0.029742747305333616
0.024829635408015985
0.021323715187981724
0.021052801162004472
0.02903599478304386
0.025453745499253274
0.03277209980843159
0.020654833547770975
0.02665284830518067
0.024946415288373824
0.02484545932710171
0.017327255846560002
0.024615780112519855
0.04449601471424103
0.03608885485306382
0.028183263511955728
0.011683005603651207
0.027830855605751274
0.02645179682560265
0.02084482125043869
0.02541306052803993
0.027397020903602246
0.03212275997512043
0.02350220434963703
0.024261214732378716
0.023843507394194604
0.057388411834836006
0.03339855849817395
0.027791017102450133
0.02369605562761426
0.019679939265176655
0.022925814469531177
0.024725267732835777
0.02719561622180045
0.02462344793155789
0.015351178539916875
0.024238833716884258
0.02971460614465177
0.022865286038874034
0.022444346948713063
0.02938464943704934
0.027652199328484308
0.01953750593774021
0.023077084231749173
0.057571354629471896
0.02931075291744634
0.021996430179790447
0.021899331521242855
0.021183724398358483
0.02301396921016276
0.023201102379709484
0.026465745199471716
0.019241973945125935
0.04467228800058365
0.03437652665264904
0.03890378509320922
0.022681353185698385
0.02949229075945914
0.02668455842845142
0.019940029023960235
0.0226063875956782
0.0291362058967352
0.02695173667483032
0.02748073667287827
0.028659807635471223
0.02088971276874425
0.02571332698836923
0.018893959061056377
0.027442816542088987
0.019953095426037907
0.02264429035522043
0.02984153039082885
0.024656618169695138
0.015068283031880856
0.023852907592430715
0.023096393314748997
0.024455633474886412
0.03291821050904691
0.019341878693923356
0.01685486854761839
0.029226958132162684
0.022207113477215167
0.014899719955027107
0.021774061284959307
0.028611238788068295
0.03123433522433042
0.014157383406907323
0.02129161353930831
0.029460430163517595
0.026175426364317536
0.03405480928830802
0.07915046382658182
0.02491813456825912
0.022749888794869184
0.016880418219044804
0.03374588641859591
0.026375188617035746
0.013995053330063822
0.021131046023592358
0.023581075451895594
0.01929226694218815
0.02472200960777699
0.025504330721870066
0.015192158303037289
0.025755753784254196
0.021292306213825943
0.024530899660661812
0.021570790955424305
0.031308908321335906
0.031226418423652643
0.025222349923476575
0.03209711004340766
0.02746144736111164
0.03083219760991633
0.025829779120162134
0.020165107113868
0.02331542274169623
0.028124832852557305
0.025598643619194627
0.025000187376514077
0.03263043266050518
0.030308370650932198
0.02176430914141238
0.028220521117746825
0.023802521870657803
0.022216404551640152
0.027089868031814696
0.028412221974506977
0.02895540824122727
0.03412168394811452
0.02468121352009475
0.03254997732825578
0.027210796172544363
0.02865478005950098
0.027556497000530363
0.029332612748071557
0.027284206423908466
0.03037646601200104
0.029291698050126432
0.02848419171944261
0.02980360065251589
0.02590490261353552
0.028046073471009732
0.030356076152622702
0.025657313547283404
0.02335345244929194
0.031493603428453205
0.024361384101212025
0.02574966043423293
0.031230208645388488
0.03341339636668563
0.02381651801653206
0.01415669928379357
0.018678557553887372
0.025291535448655488
0.023605645428597923
0.03092746838454216
0.0219647352475673
0.03109647933915257
0.02389094070792198
0.019313531228527428
0.024887737989425656
0.01709499385729432
0.021425758271023283
0.012807888717204332
0.026381558510288592
0.032151740462500224
0.02481732809171081
0.02526183090768755
0.022558539906144145
0.024486889609694473
0.018840357777103783
0.025016303161904216
0.02163010064326227
0.019175007418170572
0.022451504173874853
0.01465447722040117
0.029410262627837556
0.03353991951748549
0.030727041943565656
0.025087428343792753
0.03266230624243617
0.020286392664476748
0.028610492595395106
0.03233123365949307
0.03138777140490711
0.02901194889098406
0.026437497897818685
0.02924455447345972
0.01566465602517128
0.023688870616702
0.025802323987334962
0.017493796740844846
0.022277520465105772
0.019464652100950483
0.028842255685345406
0.020669430819970944
0.01357968064248562
0.02260052756480873
0.01741430253349245
0.013744313446059824
0.013859726335480809
0.02191125385618458
0.015008132852809993
0.023772608076035973
0.015282870738953354
0.01717777918763459
0.02790926679931581
0.02959030042334301
0.03072766237258911
0.025514517527346205
0.032628419981855485
0.026142757854040934
0.02479933791719377
0.029929962314884456
0.027223545331763077
0.025848086010664705
0.030941408018767835
0.02907115090787411
0.025783094315789644
0.029881037580966954
0.030084522412344814
0.023203655684677263
0.03248735255173718
0.03451221463736147
0.027479173756458544
0.03643430325435475
0.02803758334442973
0.03377776610034128
0.026161757553741342
0.03099618871948298
0.029360631860506078
0.04108408975518412
0.03722614558525384
0.027172183037868565
0.026935196890580385
0.03441841964713402
0.032258833306531114
0.02645735108964145
0.03305951305771949
0.03362001140742269
0.029908946725455195
0.038774571081995966
0.03032205897867679
0.025442018234836206
0.03479046343293573
0.03419636504845573
0.033678954435139886
0.02414645504840511
0.03228142008185387
0.027990466871682336
0.031022856322250197
0.03216156009460489
0.013488723579794169
0.025572883158094358
0.03612562234340994
0.01314439013376832
0.031238289028406144
0.030555569578334687
0.030343929254873232
0.026712054972847305
0.027647029084286522
0.02997528153951421
0.03074094213996873
0.017934864170849323
0.031558732366455455
0.034425698899878905
0.022799250432713466
0.030276225223205985
0.03597988049127162
0.024076233399478165
0.038808987057157636
0.03217642422508577
0.02631326014666181
0.03135922448709607
0.02282958380877972
0.03806033180067034
0.028110142666846506
0.030943510475519458
0.03319349791716646
0.03766396430432797
0.014398505325242878
0.019119394993725815
0.02032388570225414
0.028430713403224946
0.02721162297911942
0.027354804392671215
0.0288523532640265
0.015313560709357264
0.025508619990944864
0.019313887566553823
0.026873078008368606
0.031821939894557005
0.03147293858751655
0.029001217292444335
0.029311955412849783
0.03089304518302282
0.035528607112897
0.03130621804893017
0.032476522874459623
0.03483894742392004
0.014594114946946504
0.03148815220738031
0.015401918805763129
0.01297126630470157
0.02876564642898739
0.022981614903249636
0.03392508330253455
0.015176127878949048
0.019851930076256394
0.032485003736615184
0.028920655360445382
0.01412843377051646
0.027540349417179824
0.014544354422638813
0.028771663925638707
0.027752377908676865
0.033736101238057016
0.013236770185455682
0.015280676570534708
0.013650598435103896
0.029769843166524715
0.013718317744135858
0.012856752587109806
0.026686516606381966
0.031961736121277014
0.02709768237546086
0.015777608790248632
0.0225885474925925
0.01467570194490254
0.02616850003451109
0.02649587981104851
0.013901830671355128
0.01627036716677249
0.031405690777603364
0.04384319957718253
0.027659214675585006
0.02890547506733617
0.02836565170230137
0.031303320873053146
0.024475034926831722
0.027949724885448814
0.013441090163961054
0.012174926061555744
0.014078367643058299
0.029617871725931763
0.026010843828893626
0.02458513396542247
0.022992676121741527
0.0299780727372049
0.01400451616793871
0.03027239395529032
0.034116963374614714
0.03070786988697946
0.03475156790688634
0.03076827182434499
0.027917004639380856
0.033218157161772253
0.029975200472399592
0.02313933580443263
0.013122917126119137
0.03288378524854779
0.02950272443890572
0.014131481107324364
0.027223228164762258
0.017016972081363203
0.03016006313972175
0.01790405692048371
0.02840612348392606
0.024894330263403913
0.0283470157764852
0.027187657135174327
0.03142150813570389
0.02843908038660884
0.0269364310476929
0.030006688845089894
0.030249637018144135
0.03375226083323359
0.015107839574292303
0.024606285290047526
0.01987760141566396
0.02487851106710732
0.022860962667688733
0.026845436025566115
0.02854748614765703
0.029180020939845307
0.0262757420476526
0.02724343553371727
0.032676496121659876
0.025339564584195617
0.031520559388026594
0.024987867214161942
0.022772798533551398
0.025262584745883943
0.0269275284782052
0.029048936823382974
0.028070820551365613
0.029148555747177233
0.012886865030974151
0.018242990697547794
0.02460187554829999
0.023451752773672334
0.02643932109698653
0.030011411946515243
0.021736893593892456
0.03125237780623138
0.03150396954081952
0.028797544150799513
0.02638054084032774
0.030492000405490396
0.02996614055708051
0.015448452971130611
0.03151225533597171
0.028408088394626975
0.01476868342123926
0.031051732268929485
0.014754288990795615
0.02843050434626639
0.028266916117546236
0.025201878774572504
0.035408913058787586
0.031134312904998653
0.03312872682102024
0.015081497272849085
0.029838996234163643
0.013005978006124496
0.02982513517849147
0.02730713786520064
0.030276180393993855
0.01526767603233457
0.034644324393942945
0.020490925362706188
0.03456373659707606
0.03422453246191144
0.030575219230353837
0.032911813452839854
0.014126330257579686
0.0350640372287482
0.0334581575576216
0.02737071011997759
0.030506314833462236
0.053989299287647015
0.11500129104591907
0.02657485223077238
0.03228684129416942
0.024742988796532153
0.11431549947001039
0.033778173444420106
0.02797278195172549
0.018465585396066308
0.02662354715317488
0.029465661042556164
0.03404967300593853
0.033405081633105876
0.03532739028930664
0.032317988158389925
0.014307867030799391
0.04000367421582341
0.03002667479068041
0.03302187602855265
0.034713217050954696
0.03607773599997163
0.02658045740053058
0.029408406799286607
0.029705005218461155
0.03483687908686697
0.03256460733674467
0.026176539782434706
0.03417248887307942
0.03138857910223305
0.030970374122634522
0.03491358273699879
0.04122837520837784
0.028828358928859234
0.027043381218984718
0.031710850086808205
0.03376953363493085
0.023457869135215876
0.030491211868822577
0.030245841820910568
0.03146156883612275
0.033702625755965714
0.014693639309704305
0.0352367488771677
0.035791233916953206
0.038230760583281516
0.04209712201431394
0.031487504868209365
0.030558798093721275
0.029565353899449108
0.027458049854992523
0.03266212387308478
0.032623606203868984
0.03495247285217047
0.0367481878273189
0.036700968007743355
0.03272536680400372
0.034003866900876166
0.02299546752385795
0.03863489962741733
0.030933573197200893
0.0374631368290633
0.03248044609799981
0.03330039158575237
0.028268401878699664
0.029739190957695248
0.03430060619562864
0.03423670080378652
0.030930613468587397
0.03306561668030918
0.03415143925324082
0.03137454301416874
0.030993127546831967
0.034712951286509634
0.03120601127669215
0.03159118080325425
0.09765072050653398
0.02650579523071647
0.02720813268311322
0.10788120196424425
0.0389757191170007
0.01431091330945492
0.029809988179057837
0.033525443198904395
0.030431372675299648
0.03276496045812965
0.03138274851068854
0.03327289083860815
0.030156112490966915
0.02866391589939594
0.03777671890184283
0.029768112772330647
0.04069481964297592
0.03260108819119632
0.03319479892551899
0.03062583626061678
0.03239018402844668
0.033285472895205025
0.03456461849876425
0.02989299349077046
0.03722371570169926
0.013025336650758983
0.030313232905045152
0.031679436728358275
0.01674722885526717
0.03446330029114678
0.02006519522406161
0.03420013344436884
0.03539364897273481
0.029528823742643
0.035619186981394886
0.031242592079192402
0.039840652613341805
0.014334299721568824
0.015235396254435185
0.03287868744060397
0.030473903772234915
0.0374381655164063
0.038101310493797065
0.03771649701371789
0.040494675549492244
0.03754342641346156
0.0294261675350368
0.03235535602904856
0.03415178652480245
0.03061768886372447
0.03137418454810977
0.030371453729644417
0.032276787637546656
0.03163315995149314
0.03710330507643521
0.03278576634861529
0.03241606189534068
0.03365109636075795
0.03446058652959764
0.028551928046182156
0.036248990685120226
0.03807629683427513
0.03821234773732722
0.02311377011835575
0.030001442539691926
0.027731025219336153
0.03427940147034824
0.029402209972217673
0.03095344450771809
0.02900524021163583
0.028788560815680198
0.039431641113013026
0.030583527097478504
0.029060360027849678
0.02675401090160012
0.03139049251116812
0.0330866430234164
0.028169514552503827
0.0303207931227982
0.02932673716917634
0.033822309656813744
0.03411783600337803
0.034795951397717
0.028502889414473126
0.028000216384232047
0.03518283130787313
0.03626212469190359
0.03705569944009185
0.02868192777968943
0.03536299789436161
0.037809079824388026
0.033608781961351634
0.01841379004903138
0.033647005322732425
0.014830044614151121
0.03480045066960156
0.03495666907951236
0.024352241856232287
0.03002474297694862
0.045707882617041465
0.06371705600880086
0.07168832777924836
0.03180752266347408
0.03251818704269826
0.033122276929765944
0.035471199407055974
0.029956577525287867
0.0342170755315572
0.03379331472143531
0.03492313564121723
0.030067493483074942
0.035227628042176364
0.031795785094425086
0.04180524960828897
0.033395164430886505
0.019984109735488895
0.02598965819887817
0.0343813546128571
0.027845682583749296
0.033540989969518376
0.03511272229589522
0.03354070369307835
0.03376644644252956
0.03388535267077386
0.035392287411913276
0.028977098850160834
0.030031747413799163
0.03301775932610035
0.07440804811144197
0.035398545506927705
0.034809648821875455
0.036587469699944176
0.0391816161997443
0.025364655970782045
0.03280537231452763
0.03404786231480539
0.029520277792960407
0.03613597081601619
0.03104243086054921
0.027510600923219834
0.035136682250350715
0.036103963940404354
0.035703801725804805
0.035548711590468886
0.02952612111852928
0.030491323313117026
0.04272495690844953
0.029625570593954445
0.015072877239435914
0.01388323142193258
0.033143713568151
0.031883009076491
0.01248798080570996
0.03544149369113147
0.031117380450293424
0.03695309319421649
0.03249546174071729
0.027572929593424007
0.03218636530786753
0.02916458891518414
0.03304211053363979
0.033750735349953175
0.03690225825048983
0.03315329657904804
0.028727078417688602
0.037734615698018496
0.03187196153774857
0.032955310576409096
0.03570265906751156
0.02178252409696579
0.02814792718626559
0.03187440345846117
0.034175889562442906
0.03321859915107489
0.02548532309792936
0.02302583077512681
0.02066867721267044
0.034917459239438176
0.023422598423063757
0.027807780935500678
0.028448119514632497
0.03063934344425797
0.03467077225483954
0.03726009414456785
0.03470088986083865
0.03340744188204407
0.03198341474942863
0.034564124186336996
0.022610790207982064
0.03543516171984375
0.02812575953792442
0.03264905287772417
0.03458398117832839
0.03688016714671483
0.03516325923986733
0.03134021590985358
0.028201266234740615
0.03844742022380233
0.028749121997822473
0.0335456366228814
0.03298332827016711
0.03638780816793442
0.034117984083667396
0.029601232279464602
0.030617558679729696
0.03720607952810824
0.028749325873702762
0.03626977662891149
0.03564448131583631
0.03492323452979326
0.024966449873521923
0.03298275697603822
0.03345720075182616
0.03910278101861477
0.03438222410746768
0.03387249863520265
0.03395093060436023
0.029634870367497203
0.014703488766029478
0.033247422691434624
0.03262235229978195
0.03214000887975291
0.02573335065618157
0.014878949557244779
0.03283421753086149
0.018166305885091428
0.03379684703424573
0.0385136075208735
0.039558331238850955
0.04000506558806682
0.03624826160977993
0.042919875881462184
0.03720997948312398
0.03665882041224757
0.037702340112968545
0.02622522603608668
0.037131503375533684
0.03347790537644988
0.03980462690966355
0.03886658693444641
0.03366468771281889
0.03580921137395004
0.03491054724827409
0.033657370112836364
0.03320214078284619
0.03312805107270164
0.036620292178168895
0.03350758447376795
0.03670067668110132
0.032004288976266976
0.03416472245827317
0.03545729807913303
0.03200318781174209
0.03299922062158585
0.03720218515674393
0.03431815864443779
0.019221898102214637
0.030966138363360086
0.035942691868543625
0.035969177394732835
0.029172385693093144
0.034414100114094175
0.03650561921129172
0.0469215762141076
0.0373786380633993
0.029028196668529765
0.04090683145115951
0.03298182571374149
0.03778995247388428
0.03163636874867959
0.038550234355032444
0.010593746937811377
0.03298937992528081
0.03552142033278942
0.04270510829920913
0.03480517956726253
0.03206934047937393
0.020719429860264062
0.03322091598175466
0.03837948505952954
0.03034635804880124
0.03180855431372211
0.035623521282313726
0.03131290920877031
0.03239444162553319
0.03516160257393494
0.027926237917318936
0.02747161226049066
0.031517955393996086
0.03605978264026344
0.02893576137311757
0.02190441633877625
0.0188706358935684
0.025253437213599687
0.07299292848743498
0.031441212558610876
0.035775099550373855
0.03795233877346156
0.03613421250254877
0.039789990966977634
0.03827592180669308
0.04104925543956813
0.025446489908091435
0.033572763594239954
0.040409689681977036
0.03933636757164773
0.036246054156217726
0.04177865290137775
0.03957854348644614
0.03311471143178642
0.04340856381140802
0.035966970279067756
0.03705143432542682
0.03215374224794072
0.03251908674500883
0.03371382601931691
0.03659982464438223
0.029931845566257834
0.03527086793370545
0.0320528078854084
0.033570546825829245
0.03266768588759005
0.034943209426850086
0.03338242367762758
0.03847543433912703
0.03654954840578139
0.0316894732683897
0.03721582934599031
0.0347137062612921
0.04423996201644723
0.036859266705372755
0.02985714714415371
0.03256576008911504
0.035081486724317074
0.029173439502716066
0.031896703947335486
0.032600409262986095
0.032337035250716975
0.036926781822823815
0.036619033279642464
0.03470031381286681
0.036723196302726864
0.03449970467425883
0.046203350695397924
0.03584809655057532
0.039683026019118585
0.0331969082976381
0.035509588489288924
0.037618962496679315
0.036929073190247574
0.033877097040022675
0.03449752021953463
0.03437233306102309
0.045201036021113396
0.030153362253680826
0.03641427355187554
0.042764551316698395
0.037995134791995906
0.035407084358111025
0.043333735557333115
0.035907542877900066
0.03590639622689321
0.03558912234558236
0.03396378415714329
0.035815444813611416
0.03950967617625115
0.034358557802972506
0.03303797991051302
0.03609492074176669
0.0381664166826664
0.03763162324526187
0.034257891372591255
0.03196591508947313
0.03838716801669863
0.039449478973944976
0.03604164296239614
0.03671573692058422
0.036198439909854815
0.03451081908419728
0.0335411866620183
0.020928667621314526
0.03495853966001862
0.03847681541915064
0.037727064124631636
0.04536364897507532
0.03850049958919937
0.04960924471643838
0.03878515643720654
0.04483338599652052
0.034469538568440136
0.032598867771634156
0.0361504193380475
0.03792666424150494
0.03821414260342717
0.03479080831520259
0.030354958251118662
0.03400385140515864
0.039120686273607944
0.039091997899372004
0.031953028394654394
0.0407287021147761
0.03415648844204843
0.03239634567946195
0.03603515024540516
0.034361609372027806
0.037225494478401296
0.03521441303566098
0.02494392203837633
0.032433930369839076
0.037818222281676306
0.03599499158412218
0.05812787898741663
0.035351205034181474
0.03860733354395186
0.03747944955300126
0.03488077369108797
0.037151219273358585
0.03246126015968621
0.024052144041905803
0.03552631541070613
0.038109403661265966
0.034491156939044594
0.036144589091837404
0.05294070612977852
0.03050270139947534
0.0390997323554791
0.03324022802371013
0.039797940422522736
0.034395834914305146
0.041655529879033565
0.03938809198529824
0.03669118364229798
0.03520701474882662
0.03526995847190635
0.0336504083763808
0.036963139128077915
0.03525700359977782
0.033776244192143506
0.03278645685277879
0.0358897283617407
0.0327111993227154
0.03376916609592736
0.03612873451399897
0.03567645972456645
0.03820259651040722
0.03922660725885162
0.03465096861720086
0.03566225992965287
0.03891649154871702
0.03624446679726243
0.041095736857969314
0.0395754048318574
0.039958528869094394
0.0313600730490035
0.032491432331841104
0.033644112650305036
0.03994306730756233
0.02982791407685727
0.039220422822066024
0.04260332239093259
0.03433163820008437
0.03468218573339043
0.039768847950610774
0.04547243431210518
0.030317227120200792
0.03794071843277435
0.03658046593947202
0.03410480507984757
0.040383521492282554
0.039062001730004944
0.03628234183941132
0.036209352721149723
0.03517387583752473
0.03426467683271204
0.03632701750807464
0.03379945434366956
0.0332537240405616
0.03828973729953622
0.030431190707720816
0.0347588777753674
0.03277798665575683
0.041405803277892506
0.035364752613008026
0.03059466532575832
0.03744640247061335
0.03623962259031832
0.03412732566810316
0.034804672856256366
0.03855064185861594
0.03742864714023915
0.034141966287419195
0.03575611061081291
0.03630987733751535
0.04026437584551111
0.03311701838732571
0.039751940903228686
0.0401461997216762
0.033870736333727836
0.03445192501321435
0.03364540883935988
0.043599076855927704
0.038364797387272116
0.040012381509774264
0.03801100518716418
0.03277683402353432
0.02888135918655566
0.036752853149717504
0.03237972586814847
0.04235989575407335
0.03567925674497689
0.03905522489769233
0.029909806010978566
0.04955468022901761
0.035192794978246095
0.04126930343021046
0.04218293736667134
0.03826523921340704
0.03754871297813952
0.03603182885039132
0.035678012896185884
0.0422895461337074
0.03450384550839662
0.03424002899676561
0.03868806445929739
0.038319710692898794
0.03281706872125787
0.041933319521291805
0.04739642523229122
0.03584505123787955
0.03399405106958566
0.03422359770312905
0.03127654756493867
0.036537186961707685
0.03464929857097256
0.02929119760651262
0.03403747264891863
0.0301093601476815
0.0351938735427601
0.03749046435715949
0.03524864310063422
0.03502955322096377
0.052454231218213125
0.04187744053559644
0.03576069550174806
0.03755223665273551
0.03768058178635935
0.039177297322939224
0.03790973484229583
0.03222215584591031
0.03963787538930773
0.03411230234801769
0.03892516799058233
0.032916131010769234
0.03439251038170344
0.03772199794271235
0.031001199039816858
0.03400441539138556
0.03214100328609347
0.04041308436309919
0.03599696412481166
0.0333582878112793
0.036226203963160515
0.0388947854156411
0.03301055386557546
0.041477813625501264
0.03802773370333016
0.031238027562007862
0.03670925171226263
0.03728157078847289
0.041845733983990024
0.036273480278253556
0.03659170224020879
0.03577415029119168
0.03778287411853671
0.04441391014494002
0.03758078652474543
0.022084855448454618
0.03524485971329027
0.03036324097840774
0.03563603010028601
0.039747149509936575
0.02921142045239156
0.029866234357233606
0.03769034944474697
0.034399363249932466
0.025639137224107975
0.03304479938652367
0.03140003141723101
0.03401141199395061
0.04895711034536362
0.04082587646453508
0.040338677422088735
0.03852625346336609
0.0391363529060952
0.03300792609577078
0.033285534536465995
0.033210193417593833
0.03332588929571211
0.041655961194634446
0.11696180809289217
0.11422092161141335
0.03625329732007923
0.034062476613000034
0.028258786847194035
0.03343920890431283
0.040671074834831976
0.0286493588142097
0.08581426652930677
0.035590422137454156
0.03667800661176443
0.035164521913975476
0.04244408990256488
0.035633595376053734
0.03704681543136636
0.03538901720900794
0.040172809609877215
0.04590210085734725
0.03647361869755827
0.032660958697024275
0.04519673548638821
0.03690684345775637
0.03816688580952328
0.03510038677453995
0.03831663285327308
0.03619583502540301
0.03425774353279455
0.036335711667483506
0.032143443422658104
0.0490265022451058
0.03502847611238914
0.03320557910793772
0.030199639171361925
0.03886418395442888
0.03485218906710888
0.03619247780740262
0.03489975538030267
0.037097420996800065
0.036929787677697466
0.03263862893573547
0.034866813139675504
0.03214532648995518
0.041416417855298385
0.03206330341952188
0.031075949868623248
0.03354692811215366
0.03609639245431338
0.03720147902412074
0.033233057188733324
0.03767149771584405
0.04040234845704757
0.038466337365893326
0.038569749634712935
0.02731519963738381
0.032927359334476616
0.032909740443030994
0.03052075442807241
0.04242923067832315
0.02965643263943493
0.04239920417645148
0.04079458040065872
0.035176255126362264
0.034726287551224234
0.03573007701992475
0.1161674330662936
0.03818711567277971
0.03854763860282089
0.029639514751624376
0.039620043411396626
0.039106260075620035
0.03457596717435017
0.037068631387736695
0.044118428451611715
0.03743414629623294
0.03887449124655158
0.03809380287091647
0.03746585361053084
0.034955790489912035
0.04899230119441786
0.04436068436607372
