-72.967774
-39.105290
-503.005538
-503.017386
-337.413957
-205.230706
-254.562176
-171.838699
-18.139858
-29.765311
-503.410187
-27.275560
-149.223316
-337.503263
-337.654942
-30.402353
-503.316920
-254.693448
-52.318792
-503.072789
-89.364882
-148.155744
-503.120320
-89.387405
-48.061825
-56.010268
-502.982050
-254.704352
-96.696889
-205.029981
-30.249437
-26.336606
-30.429259
-503.240577
-254.531981
-21.056748
-36.867011
-45.751568
-5.465095
-1000.000000
-96.376270
-204.640548
-41.282210
-19.014884
-254.505723
-50.171216
-503.028673
-77.437600
-18.393822
-502.930137
-8.796870
-6.953954
-13.643563
-51.681901
-204.597614
-8.183415
-105.505094
-5.824984
-106.209264
-502.652018
-8.038013
-8.922688
-6.852547
-7.639977
-255.545009
-65.202485
-7.976497
-24.492680
-8.954425
-503.007525
-502.751085
-502.680690
-22.862310
-8.580923
-6.861227
-7.048592
-7.089512
-9.029461
-8.008679
-503.413665
-6.080303
-6.232205
-337.160242
-6.450280
-6.227823
-8.274205
-8.295399
-6.591205
-6.688081
-7.646934
-6.662534
-503.396290
-503.141300
-5.542890
-6.000896
-7.193301
-8.841482
-8.034776
-17.739237
-6.544423
-7.438226
-10.200783
-7.166865
-6.610714
-20.353250
-7.247276
-17.272749
-19.201501
-8.826382
-7.130507
-7.510494
-26.724057
-7.187608
-8.018382
-18.059336
-7.415863
-8.251241
-6.148013
-7.781273
-337.415151
-5.932199
-19.530700
-7.469726
-5.465793
-6.173611
-7.705673
-19.690875
-6.905165
-6.353358
-20.934436
-7.443071
-22.574335
-6.509334
-8.076449
-6.031681
-7.848857
-6.458002
-5.745295
-6.376763
-9.832346
-6.717033
-7.100839
-7.552164
-6.684824
-7.279675
-9.693500
-6.470147
-7.613476
-9.927506
-7.896799
-7.417368
-6.566328
-9.749433
-8.453248
-6.875460
-6.997897
-6.618752
-8.175281
-7.126272
-8.248540
-8.837996
-6.892775
-9.607802
-10.075048
-10.456326
-7.268419
-8.236822
-7.189205
-7.010686
-8.808364
-6.933133
-7.703992
-5.818738
-9.518678
-7.356475
-6.018362
-5.909167
-5.395262
-7.270243
-6.309302
-6.723314
-7.814514
-7.667532
-6.225611
-6.583527
-7.227902
-6.291676
-5.988204
-6.492845
-6.972450
-7.635779
-7.673180
-6.996543
-7.076875
-6.060820
-6.072578
-7.569990
-7.311623
-5.579193
-5.456795
-5.730191
-4.841156
-6.137427
-5.750131
-6.225922
-5.425884
-6.276288
-5.082697
-5.229983
-5.851913
-6.489648
-6.139383
-7.126772
-503.054631
-5.355139
-6.314437
-5.014559
-6.799625
-10.500912
-6.949712
-6.706495
-6.076938
-22.280540
-6.918940
-5.863932
-6.703728
-8.198246
-5.934021
-9.347832
-32.249907
-9.997183
-5.881936
-4.725214
-5.629279
-5.719456
-6.962894
-6.351725
-7.766461
-6.070503
-8.724054
-7.189957
-6.345126
-10.435410
-5.321118
-5.350471
-5.313480
-4.743636
-5.368005
-5.591197
-5.033359
-4.530175
-6.010315
-5.581088
-5.709820
-5.477623
-9.336058
-22.071785
-6.242426
-9.081008
-6.671141
-7.124052
-24.806505
-24.081022
-9.625553
-6.809264
-8.899140
-10.377461
-9.916163
-21.945549
-22.457881
-6.493168
-8.715580
-7.862935
-6.214586
-4.836919
-5.325307
-6.072018
-4.565686
-4.889644
-5.386843
-4.561328
-4.661128
-4.997291
-6.047396
-6.129426
-5.258659
-5.789373
-4.931694
-6.822822
-4.934666
-5.536466
-5.244878
-5.353443
-4.553035
-4.196832
-5.204322
-4.460008
-5.219921
-4.934959
-5.429066
-6.685880
-6.140101
-5.962284
-5.183321
-4.855940
-4.662031
-4.359514
-4.967539
-5.281205
-6.028112
-7.225174
-4.124913
-5.104235
-5.208002
-5.159437
-6.284535
-4.627761
-5.176687
-4.713281
-13.829187
-5.639660
-4.560928
-24.067754
-4.709488
-5.335675
-4.469603
-5.568539
-6.137633
-4.743644
-4.770359
-8.057206
-5.380781
-4.628682
-6.203724
-4.686084
-5.251618
-6.217822
-4.410561
-4.692221
-5.773320
-5.154809
-5.795829
-35.577358
-5.698133
-4.947575
-4.332870
-5.434492
-9.904868
-28.328549
-38.776651
-5.951253
-5.848317
-39.148418
-26.329867
-11.520887
-6.534534
-25.160264
-5.503944
-5.086532
-4.582885
-17.526107
-5.343907
-4.489443
-4.326986
-5.473541
-5.103182
-5.128868
-10.546285
-17.230809
-13.128417
-10.236700
-5.465440
-30.389795
-44.438338
-12.356657
-40.604189
-5.627942
-6.279479
-27.142008
-5.926453
-23.888726
-20.124258
-8.088648
-5.362664
-10.973982
-10.554750
-11.534305
-35.380453
-13.495791
-14.366382
-16.199357
-4.574493
-5.657578
-10.407324
-40.930806
-16.140845
-7.289120
-6.037654
-13.903099
-10.052438
-16.926013
-57.417315
-6.072488
-20.443716
-35.247744
-15.632838
-47.799939
-6.530344
-12.361210
-15.022889
-17.097929
-5.118197
-5.075453
-6.387218
-6.922254
-4.677079
-10.808005
-5.034616
-4.966353
-5.117699
-5.226497
-4.652454
-6.288391
-5.315150
-5.153670
-6.547586
-11.631040
-4.797156
-6.116482
-12.155511
-5.652037
-8.271441
-5.078985
-9.100951
-5.378155
-6.068678
-5.119211
-4.639116
-5.155915
-5.031358
-5.079394
-5.222837
-6.025238
-4.985224
-10.256062
-6.491386
-8.213674
-5.867017
-7.033971
-16.793221
-5.301839
-20.996081
-6.289712
-6.138915
-5.051134
-5.486753
-5.878424
-5.002307
-6.801518
-5.456141
-6.108515
-5.065855
-5.410669
-18.879726
-11.401065
-9.224499
-16.652666
-10.872704
-27.381693
-18.977539
-7.050260
-5.390805
-4.920344
-5.131128
-5.043045
-5.008550
-5.602638
-10.377564
-4.886760
-6.057327
-11.269554
-5.930034
-10.039411
-6.740024
-5.449218
-16.739086
-5.361512
-5.782939
-5.183720
-10.672839
-5.432637
-10.007126
-5.418234
-5.965767
-5.212973
-9.893499
-5.611713
-25.778454
-6.057922
-4.383901
-5.885971
-5.060960
-11.472214
-5.576974
-5.739874
-7.156079
-5.098291
-8.067621
-6.099656
-6.050229
-6.347959
-6.117875
-7.141002
-5.189303
-6.710556
-8.832616
-7.214655
-6.324406
-502.718173
-5.908499
-5.749706
-7.739026
-12.572633
-5.748522
-5.789304
-5.499746
-6.018838
-6.558845
-5.303641
-5.919545
-4.907247
-5.314810
-6.305510
-6.216061
-5.516117
-6.395273
-5.882843
-6.475896
-5.761527
-5.859641
-5.211092
-5.314666
-5.593575
-7.321482
-5.431672
-5.613452
-5.794374
-6.250882
-8.906349
-5.320301
-5.942414
-5.496935
-5.345017
-6.531706
-6.513099
-5.817294
-28.420581
-6.303293
-5.050784
-5.759321
-5.575219
-6.183631
-4.908561
-5.196935
-7.300591
-5.554369
-5.335975
-5.722682
-5.454222
-5.579836
-5.607532
-5.569951
-5.594982
-5.410156
-5.512024
-5.566804
-5.498908
-6.253174
-5.836993
-5.741656
-5.425268
-6.026644
-6.964454
-5.905231
-6.250008
-8.076540
-4.943772
-337.338570
-5.623871
-5.452229
-5.365060
-5.272302
-6.044241
-5.533793
-5.693318
-5.776320
-5.537613
-6.074568
-6.098725
-5.607778
-6.065407
-5.921207
-5.615584
-5.377120
-5.013043
-5.117984
-5.522329
-15.849129
-5.500199
-5.674913
-9.269074
-34.729482
-8.924589
-4.831947
-5.284574
-5.134512
-5.505472
-4.919506
-5.402790
-11.645117
-23.751233
-5.504017
-5.039994
-5.429590
-5.483844
-5.911241
-5.189305
-5.242084
-5.493192
-5.568136
-5.244078
-4.982176
-4.617739
-5.775115
-4.854924
-5.557728
-5.295362
-5.645425
-5.767798
-5.586691
-4.742928
-18.585848
-5.588727
-5.019556
-5.538461
-5.671398
-5.009032
-5.334315
-5.000669
-5.126272
-5.335238
-5.262504
-4.459444
-5.348434
-5.556583
-4.867197
-5.443277
-4.866627
-5.578246
-4.481096
-4.565710
-5.731581
-5.386782
-5.371639
-5.180830
-4.803072
-5.001171
-5.387931
-5.135205
-5.202511
-6.261232
-4.662485
-4.971172
-5.110789
-18.497011
-5.068155
-18.973654
-4.869367
-5.399586
-4.789063
-5.458135
-6.151080
-6.416426
-5.462536
-6.877166
-4.838525
-5.895069
-5.564546
-5.419258
-5.157940
-4.218591
-4.442785
-20.425203
-5.157488
-4.564134
-4.619464
-5.199990
-6.347861
-5.389640
-5.285682
-6.448771
-4.840488
-5.332681
-4.634729
-4.646833
-4.870570
-4.415446
-6.117964
-7.945918
-5.213835
-21.235347
-28.108543
-5.098233
-17.244492
-4.804400
-6.229629
-5.129888
-5.574894
-4.834661
-5.114607
-4.634548
-30.172962
-4.749086
-4.292298
-5.803291
-5.052211
-4.578486
-5.680234
-6.399430
-5.125471
-10.702451
-10.140859
-5.225488
-5.480807
-15.100609
-5.362114
-6.091442
-5.305688
-4.963581
-19.808813
-4.978973
-4.980659
-5.345710
-4.911283
-4.829997
-5.551674
-5.254873
-3.853475
-4.774845
-4.180285
-5.198017
-7.192626
-5.128700
-4.999650
-5.034350
-4.904169
-6.887710
-6.772872
-8.590441
-5.353435
-6.835914
-18.785978
-18.889808
-5.282503
-5.541402
-4.444811
-4.622185
-4.581691
-4.721062
-4.234958
-502.900463
-4.504492
-5.157828
-5.174261
-4.947682
-5.673838
-4.071747
-4.743007
-4.921220
-4.825433
-4.594938
-4.871325
-4.728687
-5.095292
-4.531373
-4.909344
-4.786843
-4.749139
-5.471490
-4.477925
-5.020837
-4.043353
-7.287547
-4.465744
-4.801894
-4.650491
-5.398877
-5.510406
-4.486785
-5.751280
-33.813890
-5.160065
-6.299233
-4.778809
-6.942923
-22.868664
-5.228066
-19.715323
-4.904546
-4.379683
-4.882670
-4.790744
-4.320821
-4.825709
-5.111243
-5.048684
-4.426661
-4.696458
-4.486494
-4.651935
-4.437930
-4.528845
-4.317496
-4.571747
-4.149783
-4.132997
-5.169376
-4.283007
-4.844732
-4.493757
-4.699943
-4.399356
-4.532708
-4.794510
-4.946107
-4.375655
-4.436945
-4.367502
-34.055231
-16.509639
-4.170871
-4.434767
-4.625455
-4.995134
-4.021318
-5.851190
-4.701699
-5.353385
-3.940592
-4.321263
-5.916631
-4.556354
-3.976682
-337.236141
-4.508656
-4.103727
-3.844399
-4.878435
-4.259312
-10.531440
-4.599844
-4.829226
-5.103774
-5.133691
-18.183104
-4.624169
-17.778389
-4.373153
-6.226299
-5.668450
-17.918320
-5.889166
-6.206000
-19.688383
-8.078309
-7.740535
-7.281782
-4.808098
-3.873839
-4.309553
-5.020784
-4.104993
-4.271679
-4.679264
-7.703002
-4.058899
-4.487240
-4.142449
-5.475955
-4.459121
-4.002683
-5.402857
-4.502950
-4.822934
-4.686007
-4.578826
-4.396358
-4.543157
-4.672270
-9.666023
-4.138654
-5.377090
-4.831488
-4.751368
-4.606620
-4.206133
-4.659731
-3.919246
-4.441384
-4.309036
-4.066784
-5.021970
-5.453294
-4.834445
-4.450642
-4.317637
-6.213143
-4.610638
-4.079481
-4.329489
-3.821046
-4.323625
-4.310270
-4.114503
-4.937828
-4.496999
-4.817113
-3.852679
-4.835485
-3.947885
-4.009040
-3.911188
-4.124398
-4.678622
-4.849445
-3.952611
-4.622580
-4.711833
-4.632977
-4.162237
-4.312457
-4.694292
-4.299639
-4.133065
-4.637102
-4.092655
-4.000790
-4.063084
-4.086921
-4.349591
-4.512706
-4.593259
-4.884833
-4.448367
-5.122387
-4.910189
-4.416803
-4.066337
-25.139632
-4.258417
-4.123736
-4.266045
-12.377911
-4.197855
-4.306872
-4.744692
-4.090875
-3.867919
-5.017139
-4.406492
-4.401350
-4.146637
-4.034855
-4.406558
-4.545080
-3.874859
-4.440454
-5.032146
-3.886361
-4.340078
-4.349589
-4.447650
-4.153224
-4.675740
-4.336705
-4.247486
-4.285859
-4.338634
-4.350819
-8.530014
-5.923885
-4.543121
-5.274533
-5.663072
-4.654118
-5.368575
-5.272109
-5.200221
-4.739612
-4.664839
-5.279006
-3.866240
-4.831993
-4.579922
-5.060704
-5.393686
-4.244528
-4.443253
-4.769452
-4.084796
-4.468318
-4.555640
-4.663420
-4.565551
-4.593648
-4.399633
-4.486551
-4.203493
-4.102129
-16.609510
-4.563260
-4.349811
-4.372618
-4.592218
-4.666844
-4.752054
-4.649942
-4.448473
-4.629733
-4.741188
-17.599789
-4.937056
-4.547834
-5.269845
-4.278687
-4.520422
-5.107266
-4.437304
-4.625095
-5.099982
-4.426943
-5.512893
-4.527655
-4.364317
-4.532778
-4.288173
-337.180041
-4.016443
-4.312558
-4.319133
-4.958374
-4.627847
-4.173284
-4.586056
-4.356312
-4.466601
-3.974653
-4.338267
-4.304380
-5.700622
-29.995284
-4.323270
-4.126964
-4.300505
-4.449509
-4.790935
-4.778620
-4.565727
-4.484871
-4.418390
-4.457121
-3.668941
-4.851577
-4.527356
-4.280070
-5.411138
-4.519546
-4.068257
-4.266958
-4.376920
-4.501923
-4.577545
-3.951141
-3.767059
-4.310527
-4.404511
-4.119189
-34.188215
-4.550429
-4.913626
-4.132545
-3.655076
-3.932473
-4.204458
-4.781745
-3.957772
-3.714083
-4.580413
-5.130989
-4.730507
-3.991902
-4.022307
-3.626530
-4.347228
-4.005736
-4.411381
-3.932099
-4.475145
-4.085144
-4.767689
-4.107777
-4.321023
-4.420527
-4.904006
-4.501118
-4.093262
-4.947295
-4.131021
-5.483781
-4.260026
-4.068827
-4.476671
-3.986739
-6.239089
-4.298670
-4.012414
-4.286605
-4.867529
-3.957816
-4.603668
-3.862611
-3.920430
-4.779272
-4.668163
-5.012051
-5.297286
-3.967006
-4.667037
-4.230412
-4.025926
-3.852497
-4.565658
-4.492942
-4.137084
-3.777473
-4.489421
-5.024580
-3.978675
-4.547504
-3.880035
-4.220204
-3.529249
-3.859114
-3.917080
-3.954607
-4.162229
-4.659623
-4.344841
-5.947106
-4.416169
-4.463987
-6.240427
-4.381855
-4.814955
-5.541864
-4.841427
-4.730162
-5.745775
-5.195464
-4.217959
-3.966045
-4.919572
-4.782462
-4.044846
-4.746722
-4.274255
-4.823148
-4.272759
-4.588576
-4.106260
-4.753267
-9.563842
-10.518672
-4.218693
-4.990806
-336.963834
-6.135090
-4.824898
-5.662720
-10.264496
-5.295770
-3.882001
-3.820689
-4.412577
-3.969287
-4.524674
-3.752610
-4.789058
-4.240248
-4.197783
-4.015480
-3.870692
-4.006902
-4.094887
-4.454322
-3.927168
-4.325041
-4.754606
-4.889733
-3.731400
-4.504873
-4.145733
-4.135142
-4.563679
-4.194827
-4.313868
-4.374152
-4.418667
-4.229814
-4.198788
-4.550631
-3.760031
-4.494294
-4.051435
-4.676899
-4.498043
-4.671289
-3.854424
-4.541836
-5.293125
-5.403611
-4.204217
-4.474394
-4.603122
-5.794785
-4.075998
-5.111303
-4.890792
-4.958908
-4.513730
-5.178438
-4.864428
-4.889670
-4.948079
-5.932636
-15.001009
-3.797669
-4.687830
-4.103197
-3.759964
-3.759093
-4.185587
-3.848224
-4.564510
-4.656565
-3.882564
-4.057897
-4.489071
-4.642482
-3.878449
-4.040394
-4.030010
