-7.347900
-98.212380
-43.951274
-205.571936
-173.869810
-503.422858
-337.723818
-1000.000000
-91.483014
-7.794802
-338.385101
-503.500263
-37.196755
-338.319816
-34.832888
-23.657578
-339.413016
-173.895776
-10.230853
-33.577184
-254.891880
-503.333670
-9.446297
-8.627225
-506.037014
-38.011244
-34.689011
-7.301586
-18.949545
-39.038197
-132.268622
-337.745793
-9.428413
-206.218254
-34.357190
-108.034975
-83.261637
-118.684161
-148.448223
-25.497600
-57.517292
-62.427526
-10.456040
-73.625176
-1000.000000
-503.514780
-254.836010
-9.385477
-34.285353
-9.194174
-8.272721
-19.518714
-337.762191
-23.750447
-337.698768
-20.584905
-503.619134
-43.095650
-8.390757
-50.332505
-48.567648
-207.139227
-59.915254
-8.919433
-32.759597
-503.056830
-8.178853
-7.844611
-8.196904
-10.480828
-9.772093
-6.934771
-30.127407
-9.804487
-27.206469
-7.943081
-339.715329
-41.668639
-6.965934
-7.219974
-9.429982
-9.101052
-7.755093
-105.947995
-11.285817
-7.862374
-8.805506
-7.865514
-9.781506
-10.225416
-105.867931
-8.465489
-25.024954
-10.183265
-9.504168
-8.155975
-8.517255
-7.761644
-7.350365
-7.428209
-7.405094
-7.869027
-7.692677
-7.580532
-7.145329
-10.295388
-29.119478
-8.108816
-8.430170
-22.019501
-8.240617
-9.068568
-20.863582
-22.298638
-8.446765
-8.479281
-8.290291
-7.724951
-8.877459
-8.583599
-7.211603
-9.132520
-7.142749
-7.698326
-7.133604
-7.212409
-7.486416
-337.768051
-6.518956
-8.225217
-9.901047
-7.594866
-7.110215
-7.957026
-8.157640
-7.629755
-7.635701
-8.561608
-7.946858
-8.061034
-7.161125
-7.608323
-7.609540
-7.289730
-16.957509
-8.957596
-22.249834
-7.820426
-7.874041
-8.047376
-7.816955
-8.708253
-8.300838
-9.204639
-7.618948
-8.197189
-9.276808
-7.753335
-8.474663
-8.062129
-9.453501
-7.831547
-7.816607
-8.004310
-7.673974
-7.214778
-8.487746
-10.510107
-8.859847
-7.652047
-6.695213
-10.115592
-8.371880
-6.983116
-7.169033
-8.325029
-6.539121
-6.684368
-7.737433
-6.979378
-7.381466
-8.431184
-7.384264
-7.528517
-7.499346
-19.814429
-6.061004
-7.589907
-14.724268
-6.886639
-6.896831
-8.208598
-8.532830
-9.260909
-32.204918
-7.099206
-6.571540
-6.813507
-7.718775
-7.185248
-7.103516
-10.555042
-10.313830
-7.083190
-8.007548
-8.133967
-9.530247
-7.052322
-7.278049
-7.146701
-10.096517
-9.954423
-6.275453
-10.452140
-7.405946
-7.038835
-22.994160
-257.314953
-6.908304
-17.920029
-7.394000
-9.575050
-6.767180
-6.639917
-7.221626
-7.018832
-7.191001
-7.088405
-7.066751
-6.938133
-7.338399
-6.278447
-7.021552
-8.633697
-7.417994
-7.079522
-8.112785
-7.320054
-6.877167
-7.121612
-7.146765
-7.318919
-6.991032
-7.321363
-6.544422
-7.007980
-7.358687
-7.447402
-6.882109
-7.010215
-6.662547
-7.553092
-9.536412
-6.801599
-6.785225
-36.737843
-7.039873
-6.290487
-6.863401
-7.035031
-8.037087
-6.959896
-21.989456
-8.118028
-6.770683
-7.201818
-6.432009
-7.432025
-7.287617
-6.882638
-6.745175
-7.041337
-6.762736
-6.948796
-7.155840
-7.933917
-7.353068
-8.174404
-7.823088
-7.738027
-7.666167
-7.194264
-6.898950
-7.158155
-6.668384
-25.497639
-7.767639
-6.389855
-6.987832
-6.502193
-6.106064
-7.123512
-7.125582
-6.259685
-6.525841
-6.350978
-6.249086
-6.237703
-7.053254
-7.315881
-6.606785
-7.074664
-5.959115
-5.651517
-6.561940
-5.828815
-7.206687
-6.944729
-5.875055
-7.494197
-18.469295
-8.671705
-8.851323
-7.457659
-6.698379
-7.574856
-6.671268
-7.404597
-6.780248
-6.205156
-7.020328
-7.070091
-7.054359
-8.087596
-6.865905
-7.687503
-6.033976
-7.125893
-6.882682
-6.455452
-6.864310
-6.400926
-10.172175
-6.643481
-6.533086
-7.949855
-8.124508
-6.956412
-5.727313
-6.584521
-6.609656
-5.645374
-9.604550
-7.626536
-8.584457
-7.415408
-5.783934
-6.528733
-7.525815
-7.268113
-7.839225
-6.334358
-6.098392
-6.328453
-6.712797
-6.432729
-6.944660
-7.275725
-5.889961
-6.716740
-11.434519
-6.925860
-6.657830
-6.507384
-6.355825
-6.368731
-6.056706
-7.078689
-6.476775
-6.766413
-5.605001
-6.786024
-5.723288
-6.229646
-5.949328
-6.516375
-6.578128
-6.217435
-6.355342
-5.967091
-6.720198
-6.602512
-6.489519
-6.474835
-6.588085
-9.665634
-6.697324
-5.777747
-6.288662
-6.273958
-6.049808
-22.392150
-5.930808
-6.513327
-6.402698
-6.827828
-6.327121
-7.192529
-12.407802
-12.994612
-6.651142
-6.630928
-12.909743
-7.625625
-5.555867
-6.859933
-7.167948
-7.041619
-13.195147
-6.492632
-7.067474
-5.825845
-5.953807
-6.482987
-6.498912
-6.016092
-6.085529
-5.653714
-6.698147
-13.282309
-6.389576
-7.433436
-5.966628
-6.256470
-7.061194
-10.009280
-6.582073
-6.242073
-6.870262
-5.444550
-7.089849
-6.220998
-6.645632
-6.750642
-6.895039
-7.178253
-7.287180
-6.625999
-6.148656
-7.944533
-7.309898
-5.310796
-6.329405
-6.578435
-5.964021
-6.446932
-6.187719
-6.316370
-6.957765
-6.224597
-6.324431
-5.934424
-5.799467
-6.033015
-5.955537
-12.108760
-7.153258
-5.728342
-5.657346
-6.083402
-5.868373
-6.510974
-5.592925
-5.855769
-6.293994
-16.028265
-6.262534
-7.000097
-7.454656
-5.630536
-5.316933
-5.813099
-5.917241
-6.030311
-5.888613
-5.480222
-6.581874
-6.270787
-7.956014
-6.356256
-5.939695
-13.467377
-8.448613
-5.994159
-5.959330
-6.186696
-6.512504
-5.683106
-5.304068
-29.050802
-5.651613
-5.614686
-5.796482
-5.634629
-5.357698
-4.819970
-5.535899
-5.227063
-5.645591
-5.665413
-5.583639
-5.823529
-5.359700
-5.718892
-5.423648
-5.883545
-5.422055
-5.818900
-6.310679
-6.226929
-5.868057
-5.635825
-5.446713
-5.868962
-5.510231
-5.274317
-5.784474
-6.426999
-5.383639
-5.328481
-6.399160
-5.719306
-5.440414
-6.077389
-5.836953
-5.580969
-5.747044
-5.284217
-5.254562
-5.495876
-6.007803
-5.625782
-5.616222
-5.473247
-5.836292
-5.347477
-5.850786
-5.231971
-5.756263
-5.999721
-6.204198
-4.977848
-5.331100
-6.085860
-5.583983
-5.990635
-5.593669
-5.866184
-5.916215
-5.956465
-6.290969
-5.621303
-5.608593
-6.067615
-6.247305
-5.624099
-5.910353
-5.902547
-5.694626
-6.904077
-6.144286
-5.737896
-12.586957
-5.681934
-5.791399
-5.903881
-29.932185
-6.066300
-6.026215
-5.674108
-5.654784
-5.432021
-7.375485
-6.297308
-5.500319
-5.786921
-5.903900
-5.533107
-6.388964
-5.921426
-5.856339
-5.417324
-5.854403
-5.232399
-5.183915
-5.754365
-8.260520
-6.653740
-6.100361
-8.817166
-7.632446
-30.042834
-6.562444
-7.861645
-11.936962
-6.100536
-5.834506
-5.562578
-5.202900
-5.614874
-5.642473
-5.503633
-5.985351
-4.955724
-6.144677
-7.058931
-5.549907
-6.815944
-8.349281
-6.205014
-8.367073
-6.072286
-7.423756
-6.903382
-7.962983
-6.092878
-6.859624
-7.195378
-7.038674
-6.307071
-5.790365
-8.805568
-7.278464
-5.571647
-6.204727
-6.387432
-6.351496
-5.547685
-5.697305
-5.545729
-5.589310
-6.444353
-5.401288
-5.730841
-5.779450
-6.006761
-5.635712
-5.563544
-5.668146
-5.660929
-5.818075
-5.593960
-5.796573
-6.087706
-5.481801
-9.828784
-5.045314
-6.065959
-7.110051
-5.988652
-5.905593
-6.025378
-6.640808
-5.590121
-5.901823
-5.572482
-5.529709
-5.684726
-6.695641
-5.306891
-5.575513
-4.936336
-5.380945
-5.715811
-5.715849
-5.410249
-7.297892
-5.981250
-5.851631
-7.018708
-7.768424
-6.536415
-6.330016
-5.925939
-6.847985
-5.250980
-5.840524
-5.544838
-5.665019
-5.375842
-5.618399
-5.517173
-6.048982
-5.469263
-4.946988
-5.973329
-5.244168
-5.779882
-6.014356
-5.497202
-5.267242
-5.911370
-5.714996
-5.114549
-5.455117
-4.983201
-5.481216
-5.422919
-5.568748
-5.953626
-5.663378
-5.391734
-5.351388
-5.383466
-5.281908
-5.535714
-5.388866
-6.324240
-5.605761
-5.377183
-5.289599
-5.005596
-6.061630
-5.689779
-5.430469
-4.954520
-5.553072
-4.996324
-5.449421
-5.543284
-4.990878
-5.435941
-5.468764
-5.276882
-6.725352
-5.323004
-5.811983
-5.133967
-5.976580
-5.837719
-5.554568
-5.689117
-5.534761
-5.703164
-4.944212
-6.082013
-5.227290
-5.550339
-4.899606
-5.323356
-5.298718
-5.167982
-5.513527
-4.941015
-5.150415
-5.285818
-5.669117
-4.953674
-5.019186
-5.806809
-5.548328
-5.370911
-5.206351
-5.462179
-7.735572
-7.261953
-5.809193
-6.693018
-5.072308
-5.356637
-5.891728
-5.900658
-5.066688
-6.647902
-5.462428
-5.709123
-6.147837
-5.682631
-5.728620
-5.875206
-6.266808
-5.285407
-6.333804
-5.593180
-5.495391
-5.480315
-5.872013
-6.190748
-5.855149
-5.844610
-5.017804
-5.121216
-5.087464
-5.675109
-5.727219
-6.553432
-5.485032
-6.991298
-6.687840
-7.074404
-6.428812
-7.507702
-6.026977
-8.261042
-4.952444
-10.133055
-5.362152
-4.714546
-4.512446
-4.775361
-4.656150
-5.495612
-5.039498
-5.793350
-5.213991
-5.012179
-5.518576
-4.924549
-5.286340
-6.135826
-5.678295
-6.339254
-7.285278
-6.346902
-5.706192
-5.848661
-5.514081
-7.358854
-6.313923
-7.538333
-4.812001
-4.990877
-6.236841
-4.726951
-5.730807
-5.989515
-5.031565
-5.505666
-5.065544
-5.465291
-5.614653
-4.811149
-5.466597
-5.569500
-4.764418
-5.521756
-5.889249
-5.851040
-5.337467
-5.228927
-5.203487
-5.422568
-5.740736
-6.011107
-5.911139
-5.586195
-5.501344
-4.856143
-5.283314
-5.130852
-5.969058
-5.213116
-5.338028
-5.451335
-4.810558
-4.867612
-4.866526
-5.425832
-4.821616
-5.637176
-4.788917
-6.044883
-6.747150
-5.541114
-5.476302
-5.797809
-6.669811
-5.775445
-6.340194
-6.610934
-5.289271
-5.760362
-5.930986
-6.830226
-6.748865
-7.304635
-6.718711
-4.930160
-5.729420
-5.105784
-6.205948
-6.190818
-4.785276
-6.161648
-5.800125
-6.086446
-5.319178
-6.908029
-5.236836
-5.120413
-5.549382
-5.536487
-5.932170
-5.908165
-5.935950
-5.396455
-5.520613
-5.761157
-5.586247
-5.361045
-5.221130
-5.726914
-5.238062
-5.629490
-4.626751
-5.150492
-5.707103
-5.952887
-5.827863
-5.369932
-5.139199
-5.672446
-5.146126
-5.287860
-4.602854
-6.137024
-5.149772
-5.833574
-5.397859
-5.012266
-4.814519
-5.667973
-5.021054
-5.994646
-6.167408
-5.177847
-5.356209
-5.043837
-5.791616
-4.978567
-5.549665
-5.021255
-5.766741
-4.993591
-5.908946
-4.956542
-5.410700
-7.593811
-6.052956
-6.223588
-7.824854
-5.526260
-4.714774
-5.674942
-5.749578
-6.077185
-5.883542
-5.288336
-5.885756
-5.784003
-23.637772
-6.736064
-6.700385
-4.939162
-5.436144
-6.204626
-6.351407
-21.343676
-6.576397
-23.319327
-5.351345
-5.725753
-5.576257
-5.671372
-5.623746
-6.387569
-4.764759
-4.948920
-4.980096
-5.944639
-5.458293
-5.965297
-5.804378
-6.118248
-4.945200
-5.632630
-5.155242
-5.621494
-4.837477
-5.906159
-5.332956
-6.133418
-6.652605
-5.738148
-5.334715
-5.982359
-5.018053
-5.641430
-5.610577
-5.859013
-5.525056
-4.971758
-5.255680
-5.570547
-4.769590
-4.901654
-5.656409
-5.894820
-5.177646
-5.227401
-4.840590
-6.293710
-5.557098
-5.322874
-5.243394
-6.079843
-5.766285
-5.794197
-5.824228
-6.410372
-5.725320
-5.543324
-6.498444
-5.602761
-5.552817
-7.578679
-6.907339
-6.554099
-5.488124
-5.146754
-5.432321
-4.606020
-5.363738
-5.251639
-5.207203
-4.893629
-5.518435
-4.798939
-5.877560
-5.461780
-5.149172
-4.780213
-5.074030
-4.914986
-5.435156
-5.785721
-5.208687
-4.768106
-5.252030
-5.022466
-4.726053
-5.464542
-5.103447
-6.414525
-5.888836
-4.967526
-5.348950
-5.462943
-5.239134
-5.419292
-5.631428
-5.905784
-5.356879
-5.361338
-5.071948
-5.162346
-5.899511
-5.161820
-5.948802
-5.095315
-4.622359
-4.858313
-5.065728
-6.542441
-5.973696
-5.592818
-5.659325
-6.011082
-11.377241
-40.297580
-5.794453
-6.924827
-7.035835
-6.255936
-5.776898
-5.001615
-98.251217
-5.411806
-6.078632
-4.565509
-4.988156
-5.691092
-5.401823
-5.740202
-5.470070
-5.399749
-5.737168
-5.546146
-5.370972
-5.870279
-5.652109
-5.438971
-5.003903
-5.221729
-4.831638
-5.356284
-5.445151
-5.694906
-4.962390
-6.018558
-5.422390
-5.439886
-5.602551
-21.142712
-5.208326
-5.798502
-6.243210
-6.942309
-6.241933
-6.560819
-5.985690
-6.090251
-5.635105
-5.842761
-6.307342
-4.995955
-5.023758
-5.930938
-6.584726
-5.190216
-5.314366
-5.124832
-5.739437
-5.030938
-6.194878
-5.948213
-4.821302
-4.946307
-5.422926
-5.329863
