0.03452691557421668
0.050600305665284395
0.02321229347338279
0.026155392477909722
0.01
0.08083539983878534
0.022100541883219894
0.022121464861151966
0.024288358654081826
0.021425931714475155
0.02602859319458085
0.038417606175397384
0.03864872004836798
0.05534683750011027
0.022348208244517442
0.0444569287720967
0.04359501972794533
0.05619560203091665
0.012080331617593764
0.02733310218545653
0.014650004494562748
0.016425509745255112
0.02903128843046725
0.032875197346011804
0.023021159639954564
0.07152804300189018
0.0336269336938858
0.013463643651083115
0.03607699596136808
0.05879752154861178
0.03824154708451695
0.036749082552889986
0.031218142323195933
0.06668289479884235
0.0239643479745835
0.02035976271703839
0.04147638496942818
0.022388200441464074
0.011283844476938247
0.010059989204257727
0.010289226172491908
0.017693652182265564
0.03099165442006456
0.040434105999090454
0.013342384042590858
0.011818701062351467
0.011284555248916148
0.018877507833018895
0.025901575843718917
0.04037320381365716
0.025361605417963704
0.018290693901479246
0.01889906520061195
0.017730532088503243
0.02244495095461606
0.02927635820992291
0.04436832914749781
0.01522841302715242
0.02283550533466041
0.022487964293360706
0.015064741956442595
0.02563115860447287
0.012699023080617189
0.028241442853957417
0.04513377004489303
0.02254499376676977
0.013693197531998158
0.01789224390791995
0.0361529178917408
0.06152285390932645
0.0138180565468967
0.013314044788479806
0.01666914878620042
0.014026050685346127
0.010286229969188569
0.010879281319677829
0.016621646767482158
0.010565417863428593
0.010330951736494898
0.014377088945072431
0.028386946599557997
0.01145115061700344
0.023570198608562354
0.011666864480078221
0.018131631732124974
0.03300810697302223
0.013359099769113977
0.01261266787685454
0.026654639013484117
0.02454380137771368
0.01763574099354446
0.016212756352292166
0.014528269768362082
0.0278195370759815
0.022552788595110177
0.024544340380981786
0.020325128401443363
0.020564103310176156
0.013301302983984352
0.017246176502481104
0.011295634725317359
0.018023361658508128
0.021452256718277933
0.010635949869826435
0.029203040744736786
0.010057695985585449
0.012153081852528787
0.017543223605677484
0.018709716472936712
0.02167726420834661
0.011006760809198022
0.014344454455375672
0.01828333570621908
0.01304531877487898
0.03857857854478062
0.022241176053021963
0.014799386774003508
0.01576720247603953
0.03036650490052998
0.017533416936919097
0.023252021638303994
0.02334603837840259
0.017975424740463496
0.01421209377795458
0.024333684332296247
0.010216464859247208
0.02438778359144926
0.028025043408200147
0.0200083741158247
0.03240628822520376
0.024510724633932113
0.011116419951990246
0.04561508819460869
0.019945034221932292
0.011005190780758855
0.028401440859586003
0.03837173048779369
0.022436657427623866
0.029888048769161103
0.01485300047116147
0.023161465240269904
0.028945729564875365
0.015518053982034328
0.033256973891332746
0.03021058871932328
0.023199513537639924
0.034030976067855954
0.01723152447398752
0.03063020526953042
0.014885588955506684
0.026890239771455524
0.013486740529537203
0.017131626578047877
0.028186618606373674
0.010451979940757155
0.021744571245834225
0.01944223412126303
0.020342286061495546
0.02469210992046332
0.026463651030491562
0.02362378222234547
0.015655344960720918
0.030107638543471697
0.027737930082157254
0.02538070548139513
0.016500150337815284
0.02649391537383198
0.032887469817698
0.010653293481841684
0.02104985507167876
0.0159807921577245
0.02669220430776477
0.022957930749282242
0.027385652641579508
0.033129354060813784
0.025228994251787665
0.02846780090923271
0.010749923699721694
0.014866272717341781
0.025127060598880053
0.03261311341186657
0.020972252488136292
0.010676687917858361
0.02543440895602107
0.024863288675139594
0.01841054170177533
0.029139355500414972
0.010009504051506517
0.02068940434344112
0.019256973063022317
0.03144715551026166
0.011638843318074943
0.012973768562078476
0.031883390305936336
0.019378709678848586
0.022319361469043158
0.024663723388065897
0.026641167123615736
0.015380487870052457
0.018806611553339635
0.015460696130618455
0.028416501129046087
0.009999999999999998
0.013761118799075482
0.030728810056401743
0.03104640986820062
0.03251053074374795
0.012981399608746409
0.023517897982895372
0.02944129644781351
0.018732000006712043
0.03627552867045297
0.057227615267038345
0.02747597919156154
0.014479344347119331
0.01856465778098657
0.019043515144288543
0.02025581701184219
0.04790583848953247
0.02054670381061733
0.019892327498703722
0.018784812943637375
0.02239173328755675
0.02762201439954487
0.018721701394506667
0.017716015269979835
0.020972452597692613
0.020544015326818755
0.01166595394834876
0.018515789246559146
0.019637025221617838
0.017122143284976486
0.02187240685001015
0.01597010773159564
0.01435048292912543
0.018451752680250337
0.028158823264390228
0.02243955194763839
0.012651151328906419
0.018433667138963942
0.01760322647839785
0.026389939112381806
0.03174461792558432
0.016653814916685227
0.05378078669309616
0.03479623687267304
0.022956772779673337
0.022410987693816425
0.021609355054016035
0.01901411056444049
0.02247071948871017
0.018124883542209865
0.022900585258660257
0.018683557129864185
0.02372844010517001
0.062042021192610264
0.023823774196207525
0.021358102427423004
0.016684928299486642
0.01331201948262751
0.0407575490201513
0.01
0.01609537835083902
0.025824068063362075
0.013788476577401163
0.03552882919088006
0.030037787791807206
0.02724715453237295
0.016818506809696557
0.023589265849199393
0.0183348482888192
0.0207001268748194
0.014914160492271187
0.028358786945395606
0.03360469472622781
0.016250195651128892
0.024284229682385923
0.02332970065902919
0.0205983919557184
0.04505340956949762
0.02697528557479382
0.018964171797782186
0.024962648601830003
0.02480298727144336
0.03443049801492143
0.0205743640444653
0.02284263832428876
0.014618897220864895
0.03478329166918993
0.020047331283179422
0.051624193252886044
0.030158094515403116
0.014953854017704726
0.019132856279611588
0.020910594470426442
0.021773494559898975
0.01587529618180159
0.029224366468936207
0.02551523080021143
0.03521100328179057
0.03800603229792849
0.028941172870993615
0.028606478662594508
0.029635288039546303
0.021004888914898042
0.029469534718617796
0.03132049000002444
0.037504089720813295
0.031787244718289004
0.027096492676385517
0.02885633696392179
0.032476785663386874
0.0353279672563076
0.021792293068394065
0.03490933527780134
0.03203678396381438
0.03340362059473992
0.0350761459460482
0.03390119758360088
0.018368319006183662
0.023387815731763836
0.02684746284695233
0.027293568323085826
0.026508993257209658
0.02825438772812486
0.03132420639209449
0.03249250180199742
0.01928546839952469
0.036704620205238465
0.03089194268733263
0.03183965619020164
0.031802397566661235
0.016882075279437265
0.0329836347857208
0.03363397959715281
0.024929550140089282
0.028181885931302202
0.029464817902445796
0.03596630008236782
0.03466134326174282
0.03352469994514077
0.028662264977395536
0.04103784116223837
0.03447430929263132
0.02946840320043266
0.040556984264836754
0.034365650825202466
0.04074329866245389
0.04364430420994759
0.036716765757602986
0.03787758250466802
0.029295845092446718
0.03915045794434845
0.04229023637493019
0.030644326970214027
0.0366172411032021
0.033835729599858706
0.03314226409674368
0.04015704940259456
0.04209989057593048
0.04226004384458065
0.032868549877777695
0.03419621002450586
0.039481742673927976
0.03504127407595515
0.02784818401851226
0.03256704508572033
0.032597614681159244
0.04273833381198346
0.02739535128176213
0.03259715000167489
0.041509520035982135
0.034139228147640824
0.010039615172520278
0.04022204370163381
0.040562971229106196
0.03462240330197595
0.03726052525430554
0.04006922048413091
0.02714265055209398
0.026851937592029574
0.03000130645398583
0.04079446380202835
0.022108666828045482
0.02005618582753574
0.035606543799862264
0.02993758022023196
0.03213665159927173
0.03146250120674571
0.030408766662908926
0.032010037262053766
0.023113987445831298
0.0387282596022955
0.0335015631308581
0.02921766638197005
0.031540087847547096
0.038660134964933
0.033682614959776404
0.03819036604144743
0.03918295656144619
0.03603056324459612
0.02838899410786954
0.021956789785852804
0.033054060437555974
0.03844931543594406
0.026105989301133725
0.03755811026379947
0.01563217739984393
0.02425146702528
0.02215580779537558
0.02942604972608388
0.012727184308320283
0.022232238876819608
0.014701068382337687
0.018839503372833136
0.03564646961223899
0.03934403797537089
0.04774864360891484
0.043361349536478515
0.038594474180911977
0.04131399625573646
0.035517092113909514
0.04199912097801765
0.039454081114381555
0.03298741172809722
0.041866943282385674
0.025591858879973492
0.0366417062152987
0.03885028063940505
0.04015416154579725
0.03309460582211614
0.03463587617102478
0.035300021376460794
0.029851994940212796
0.029622897685691717
0.03289646160155535
0.032475212098658085
0.05281656235456467
0.03484277396649123
0.035620051971994915
0.03535203097276389
0.032075889888778325
0.014246162539895843
0.03841488287981712
0.031156456683576108
0.021010319864939134
0.027797684652730824
0.02722118322402239
0.03652170567389797
0.0380106522009841
0.03367247225344181
0.02485899715557356
0.027406539236009123
0.02836841127574444
0.03519391847664819
0.03291102050878107
0.03357482532374561
0.028951635260134934
0.024304347396269438
0.02732908927844931
0.027327896353000633
0.03640974807441235
0.03858602782599628
0.02454269803803543
0.026260786196216936
0.02826857666857541
0.030879669555649164
0.028703015054074618
0.04081387246196921
0.029407807079454267
0.0377614429397952
0.03548919856153867
0.023943293552313533
0.03733166901066023
0.04324603124707937
0.040739115152846686
0.04304635474966331
0.039622039377689364
0.0439888371426393
0.04298190939687192
0.034020179965617986
0.03504431634169558
0.0461149659111268
0.04028173541229579
0.034016514628465416
0.03459991043723292
0.029739298113435512
0.03685773298144341
0.02798365958617069
0.04253356158733368
0.03829361816570163
0.015228981884941458
0.029913505860045556
0.014674313898757101
0.03533065720472266
0.018423296064138416
0.020353794855996962
0.033748679371693964
0.04189311490180981
0.044730434617293736
0.030891577590394906
0.02895119887022745
0.04491186853908003
0.031689798699125006
0.03156311851739883
0.032876392399722884
0.03713431174755097
0.044277723907747056
0.02618901132164817
0.03936968272477388
0.029758222276425883
0.03981558492779732
0.034363165570324976
0.035086434895003384
0.03418172276312752
0.04421287669667176
0.0379312473979707
0.03838397969802221
0.03670378660783172
0.02848204452171921
0.029762467746933304
0.03480798824727535
0.02534825858508432
0.033121578677629056
0.03229695183634758
0.010172589826583861
0.02793098357291176
0.028222009414806955
0.03617308503650129
0.02826771490313112
0.043922366030896325
0.03812465163320303
0.009999999999999998
0.04113104361550588
0.0339309157353894
0.02001473493874073
0.038611318826302886
0.028363745677406377
0.03485679438912574
0.03764546245336533
0.034540870583687835
0.02220456488765776
0.03912495659478009
0.03182833935896104
0.026133446148173377
0.032394275789459546
0.026308686046395448
0.03239430452386539
0.03136158600449562
0.03233316850037344
0.03466647972281163
0.04003383448968331
0.028070707113615107
0.03988379762956389
0.033561690931572866
0.04490635267964431
0.03122972240485251
0.03511898122727871
0.030198231127113107
0.026816356284543874
0.04275727682262659
0.03614508484147097
0.03858066228280465
0.03519229893386364
0.03880908311655124
0.019159833662211894
0.028778634949121626
0.03967233546947439
0.03831010448972921
0.020633461988316136
0.043476992966306784
0.02346476754872128
0.039298992382569446
0.03351208198815584
0.03841291475231233
0.03359992281190659
0.028237347255593966
0.030063983206947646
0.036889503782517034
0.026714554774490272
0.03657127763843164
0.028508930308744313
0.04527442565695806
0.021002533524052097
0.03469955839555372
0.025895817545445073
0.025883734431117775
0.03348937492320935
0.033171751059591775
0.02238621988548683
0.03236823934737755
0.02160012615987888
0.02327021919456976
0.035971667143749074
0.029621458701789376
0.02723223757557571
0.037159609170630575
0.030667389662315452
0.029651335536649354
0.026304974701876444
0.03161526932319005
0.028479266793777547
0.039187294825911524
0.030868788399809118
0.03611737101560547
0.02675697893835604
0.026124800747554553
0.021105667000467128
0.027755114639347253
0.0273908704854548
0.03326025341637433
0.030617801643162964
0.0418947468411464
0.0319999557878822
0.038230263036317554
0.03714142556451261
0.03438876304998994
0.020746059034392236
0.02675231414847076
0.03296651399927214
0.033023978051814167
0.031513333212245594
0.03042425961337156
0.034025273037052925
0.04137856413858632
0.03668636963011757
0.04183814352605401
0.041851268890831204
0.0280551972463727
0.023270181376073097
0.02278508414937691
0.036245873493396426
0.03264539220137522
0.04641543037125043
0.04030163549914442
0.03620548464696516
0.028089715700596575
0.03440144416533018
0.03479077469557524
0.0337817997623373
0.03139939465560019
0.04116176508568429
0.03583535076252052
0.04428411648158104
0.038786971913207145
0.03990953916916624
0.033145481681823734
0.027810357637703422
0.02595424108621147
0.04044961186125875
0.03865639778259008
0.04313674352541566
0.04293373739258165
0.04014499673154205
0.03454502960542838
0.032049828146241216
0.034907543574544515
0.033687487286515536
0.04373214262684709
0.037141113786825115
0.02070989531154434
0.030482963082691036
0.04724560017764036
0.04435092214894082
0.03284562995284796
0.03714167129534941
0.038422909781458923
0.03802194487924377
0.03754300426846991
0.028341172461708388
0.033630426649359016
0.0439164608128761
0.03906109012663365
0.0332523718304359
0.03943927584429745
0.044526595305173826
0.036740498185157774
0.03637471786567143
0.02830633916705847
0.03790759416172902
0.0335242131884609
0.04267608164002498
0.04579940506606363
0.04087582429250081
0.03534662404053268
0.04439124381169677
0.0361592938591327
0.0318809612435954
0.03945889368781756
0.042583744360340965
0.04285990145253508
0.04204077979860207
0.030315989753739402
0.03641413060400416
0.03569421599908122
0.027370126573916746
0.0229373150318861
0.04189685511995445
0.036813692139195546
0.037932582524915534
0.03851786246194559
0.0379157782047987
0.044049327697053
0.04251008999666998
0.04675749120743651
0.04146852443715737
0.03205893966369331
0.034634409210965285
0.02489373864888242
0.03521206908486783
0.016334741491338484
0.032903229277208436
0.026220789661258452
0.027651766703650348
0.04146725752254327
0.04575309157371521
0.01
0.030467540676519266
0.039640329074114564
0.02620086727850139
0.019131268056109554
0.027083215980153338
0.019864370809867977
0.028920185379311444
0.02499264864958823
0.02091993382424116
0.018998194472864275
0.019468882990628482
0.03133235455714166
0.016262266777921468
0.026935136672481888
0.02496585033461451
0.038254012433812025
0.022837522421032187
0.03576546643091285
0.02852353271357715
0.031679715071246034
0.033152890164405105
0.03214963733032346
0.020664227097481485
0.021761213264614342
0.017436595863848933
0.019919575368240478
0.020078777632117274
0.014896149596571923
0.016210882002860312
0.016683986319601538
0.020542191113159056
0.019180352143943317
0.025975947026163338
0.02324847823008895
0.034746026480380374
0.027605537325143814
0.021796306871250275
0.02091102069132029
0.022687503851577633
0.03399428129576299
0.02650538305528462
0.02915159823605791
0.024540924713760612
0.02263965668082238
0.032949158563464885
0.018802630713582045
0.035628836937621235
0.023763069119304422
0.023050929846987124
0.042439615338668225
0.03810741602505247
0.04157374476976693
0.03960091627798975
0.040707329622917364
0.034401312998749996
0.03188657345995307
0.040171561990305776
0.036624501208464305
0.04415199672542513
0.031049035623231358
0.0441036282941699
0.03982189718168229
0.042258058394864205
0.032358055777102705
0.01
0.03650464507862925
0.03699015561752021
0.0335819708975032
0.03876038178689778
0.03657010920383036
0.01930249375551939
0.037134657729044555
0.059947095811367035
0.04160188835710287
0.04313669015230103
0.021059683533385394
0.041039497534930705
0.042652220756879876
0.04145605228124903
0.04247548145875335
0.02943815399271747
0.03432214196026326
0.03320278233289719
0.04826918182661757
0.028751710051049793
0.042495794056986384
0.045583465448394415
0.0464828841291368
0.036347139431908725
0.03765279539674521
0.042545710097998374
0.03910518756179615
0.03608009083494544
0.03713845014199615
0.04372174391672015
0.02737445689775049
0.015768040604889393
0.04103091604933143
0.044556086059812816
0.04089812559847321
0.02976093735707843
0.029716760682709082
0.04174698519784568
0.04589493663944304
0.03125192442341991
0.033567779883742335
0.021518185809254648
0.018262265250086784
0.03520918147265911
0.04524621033668518
0.04328619845832388
0.034113017429526035
0.037645428708444034
0.033002558661890884
0.04093313772739335
0.0370077562158884
0.03789074784020583
0.04135708194168714
0.041707471245261904
0.04384569105654955
0.03902640802413225
0.04108147611436637
0.03173206880824132
0.042319060775394345
0.03187427662050023
0.039707529823931435
0.03163336699271632
0.03255177072559794
0.03814717039354146
0.037872727683931594
0.042724677183479075
0.02227962757288306
0.038980875770311535
0.045535360364615925
0.038784719547629354
0.02763466766402125
0.03727382429465652
0.027915355203052366
0.03468121745139361
0.04071967339962721
0.03385700565129519
0.04024468632563948
0.027394145328551535
0.03631024468157973
0.02437510999258269
0.025680224661799998
0.029871618068562106
0.03363597133049839
0.04001260074321181
0.02751498237065971
0.03588620895376572
0.038631278537213806
0.03925059888511896
0.028629313843144526
0.031625217219814664
0.04110304952909549
0.03475761295917134
0.02220077414810658
0.010577615350484848
0.030749097567879493
0.025078263083100318
0.017598568172090587
0.023806629776954653
0.027066176598891618
0.038860421627759933
0.03683231550455093
0.022250779752026908
0.038352579048981796
0.02769026229648214
0.02719701125540517
0.03489551480061242
0.030850036808035594
0.03025099330022931
0.028256444490204258
0.022107017278098145
0.029324355476668906
0.0323597134702972
0.04369894960274299
0.02985025916621089
0.04604335020063445
0.03672583813850697
0.04119370854397615
0.0215819234540686
0.03807947402633727
0.024267573087875336
0.0360732408768187
0.030351258529616256
0.0335597551212861
0.02614265762269497
0.030591855615377427
0.021223733472553172
0.025201166414401746
0.02926091535203159
0.0393463188558817
0.032671830963809045
0.041570777030661706
0.04453596172779799
0.009999999999999998
0.028605384197282167
0.04910131758973003
0.04276003133654594
0.04535023621022702
0.0393400487896055
0.026945343222469092
0.030230142628266055
0.03808041835129261
0.0437217722478367
0.02836181884631515
0.026076188914477827
0.04192485962922757
0.03781164326705039
0.030626400662586095
0.03712757278440727
0.027255636737016697
0.03003801454603672
0.03302242501328389
0.04601725261397659
0.022885311411863028
0.029904628362167965
0.029597301371395587
0.030912742669383687
0.025309568334208884
0.028993911173726832
0.02834488764671343
0.028578520949397772
0.028657923051052622
0.03711023946716027
0.03940660856515169
0.027870028248677653
0.02789194775512442
0.0292314174202712
0.02480764669366181
0.03710014280676842
0.041449707166105514
0.04919904579371214
0.04348522064685821
0.04431816508471966
0.04450846119970084
0.038122582603245976
0.04139378765486181
0.04177773766033352
0.03582203122600913
0.035996786374598744
0.028339698402018384
0.04363954816162586
0.04301554200425744
0.04726302587389946
0.032636400700360536
0.04101959247291088
0.040069870807603006
0.02062113667950034
0.022521130385342987
0.03376502135575846
0.028487548850849274
0.0463404614776373
0.03144337743727697
0.04627844562453608
0.039273640357198256
0.043925532305701856
0.035632984869401245
0.044781859064847225
0.02534008284409841
0.035978790921600244
0.03326301071664383
0.046427761064469816
0.045540675524994724
0.046260456568002706
0.047448063019663096
0.034142888864645594
0.03974992314071366
0.048450551382079717
0.02246513765719202
0.04051120493075122
0.03534765348841365
0.03623179418407381
0.039117926730641295
0.03551469640185436
0.041827348267307156
0.028785615108079383
0.0372740367879825
0.03962705520380821
0.04001808093488216
0.03160307812318206
0.03614656070023775
0.03026576380711049
0.03449334744639971
0.0432540807653314
0.04122014606700224
0.04013841958716512
0.041318808322822725
0.04029594016926629
0.04783302365094423
0.029238980219445446
0.03134238142824295
0.03172619697016974
0.02552349696524049
0.04219941752664745
0.029891491864736268
0.03756565900726451
0.04771810412146151
0.02792495886070861
0.04505657780772218
0.04464894997812808
0.025290521730203182
0.035005920786214506
0.04616664538346232
0.028402095995843413
0.03646932499408722
0.03560375633296268
0.04965733687616884
0.03461633590906858
0.035437470924109225
0.03142480417092641
0.04354468787536025
0.035357359135928364
0.04455472271591425
0.041124271858856074
0.04109998979270458
0.04613363309465349
0.046014447626471514
0.04461239876635373
0.04414306915551425
0.04944531058184802
0.04839519327022135
0.04711586821134444
0.033878166797486224
0.048450141146034006
0.04764965710677206
0.04265874620527029
0.04007263206158366
0.04513145964290645
0.040186025925725705
0.0476469989001751
0.04642553255856037
0.04659450549265029
0.03884693203084171
0.04500515980571509
0.020447813311689777
0.03240109070315957
0.03413673080466688
0.023636653628200294
0.04483720935806632
0.034376907824352376
0.03812859980240464
0.041385705406963826
0.046199179785326124
0.038058134419353386
0.04542611200585961
0.048334371091052895
0.03292099236590522
0.042491175628338866
0.019438376136951978
0.04125770011618734
0.03938349581360817
0.03522143049932578
0.04489851203709841
0.032228453233838085
0.0469027289602102
0.03876576509177685
0.03822376926317811
0.04647929579690098
0.034749434124678374
0.03529294497147203
0.0409774416282773
0.04452661730535328
0.039973004245013
0.027300288745760914
0.034420729607525395
0.042685466387122874
0.034774659227952365
0.0408904746491462
0.026702474903315298
0.02567739467397332
0.03800512889772654
0.031034043624997135
0.041218088752403854
0.041150263293087484
0.04427598710358144
0.02876363357672325
0.02562444470822811
0.04669663457423448
0.04158596405945718
0.03967168899849058
0.041153638413548466
0.03899323633983731
0.026889739955465
0.029862636163392492
0.0427789975091815
0.04206723081581295
0.04226644868263975
0.037628375849127774
0.0371712916786241
0.036564564280211924
0.039004672972112894
0.042943072665482765
0.03489498240426183
0.04007549605257809
0.04013043507149345
0.044038810712449694
0.02830294247716665
0.03927484013554123
0.048890599282458425
0.03774376707659526
0.044961109917897445
0.032180394277508774
0.05000609932201249
0.03914383755853543
0.034373816657397485
0.045993965508332894
0.04249749556470376
0.03301554397990306
0.03750362279909578
0.0416448289843706
0.03312662871215832
0.04814208564934907
0.041641229119370966
0.0439200094166924
0.04252016462758183
0.03752320185741958
0.04913695529550313
0.0337180061172694
0.028889084580753534
0.039924955168738965
0.04707295151020604
0.04001537611851325
0.04291143898359116
0.03802248040270625
0.04226164573803544
0.04730123153422028
0.04835813645450842
0.034803456222694935
0.033179416502160684
0.03901888175024873
0.036496310906174285
0.03781304944927494
0.04626471349703414
0.045990832682166784
0.033793753852014954
0.042507322750547354
0.04930993136675919
0.04170525556573501
0.038939771444350485
0.029135829566844875
0.042026958146999624
0.04512172258075546
0.03669190894663334
0.03688407283966188
0.040052772823721175
0.04301422190937129
0.03102699770676819
0.04223924719169736
0.04125058691462745
0.037678641048260034
0.03733619510772682
0.04280071559446779
0.044864900095388294
0.033664109207689766
0.03315069859925037
0.030582088535794846
0.030159484513868122
0.04328260223711691
0.04273000682446551
0.037335099269720645
0.04484494873632987
0.047623259706422685
0.04777036303170025
0.03625373844734647
0.04574868424274027
0.042927761503309014
0.04324973276717232
0.03480104424707268
0.050265653812223005
0.044774793616750026
0.04135913377137561
0.03711929087253178
0.04557405841499567
0.04401185272261501
0.05427144095301628
0.045289570746943356
0.04573011437878012
0.04452322936576346
0.037050876381993295
0.03949171256522337
0.033004138676656615
0.04621618425727567
0.03876780702487419
0.047642096877098083
0.036122956519118614
0.048024030027166015
0.03169993064421065
0.03868708261754364
0.03644030746817589
0.04362159286060783
0.039929596168221906
0.03442873782292009
0.03510871732784879
0.025021692675848806
0.04450440169735388
0.0349983620022734
0.03897353963553905
0.028390852633503178
0.040592187217303684
0.03986430991795801
0.046986169969806306
0.03530657911052307
0.041974684056781585
0.038135771147514645
0.03820628389467796
0.04072209079882928
0.03687489107002815
0.04032211570897036
0.03757023901244005
0.04164477457478642
0.04810543544590473
0.039318962340292175
0.02907182217082557
0.04174170332650343
0.04387438262812793
0.04111647648188998
0.04342688821605407
0.040759218076001046
0.036732926879610335
0.04360823405906558
0.04359427625019299
0.026683472882096586
0.04708760173525661
0.04352437064051628
0.04294195968438597
0.04176388189397954
0.04079927088781482
0.046872002460401165
0.04431480299101936
0.03751878910298859
0.04900238189631357
0.04561056864496909
0.04651260901581157
0.04433045509932697
0.040424048921300304
0.036870646784082056
0.046498893071800024
0.042093746042970955
0.04992465583607555
0.031413192094436715
0.04360735390335321
0.04466008925189575
0.04873464934974908
0.047214338218048206
0.04612808710858226
0.04737230414971709
0.04121239796280861
0.04749141309572303
0.042155528521165254
0.04566033461540938
0.04428485118482314
0.04765161708891392
0.041273624833454106
0.042763750339547796
0.046933263991773125
0.04509418280964548
0.046743860277161
0.03890571412319938
0.04491636074402116
0.04776232671663165
0.045028362331399015
0.04864293875843286
0.04180353841278702
0.03523942812904716
0.046929787839204075
0.04823058126680553
0.04657373386658728
0.04203028701245785
0.048779937130957844
0.04358747902222806
0.04396807088926434
0.04621570968255401
0.044324955082919504
0.043321847733482716
0.04327625378916661
0.04688873501718044
0.04175424493849278
0.04285500330105424
0.045952510710060596
0.04122412636210876
0.040088267297794425
0.03662271094219438
0.037405697995502696
0.03456510266909997
0.042719429993268214
0.03629476952552795
0.033453743421742996
0.038096088339623656
0.047778844968229525
0.040553011345011845
0.03946124724259502
0.03315441175497004
0.03661988139353894
0.042951883118599654
0.0346821023686789
0.0442738137619965
0.043134287280398746
0.03238289561999195
0.034373417389438006
0.043890809441606206
0.043748953968752176
0.03411955861188472
0.04878138880608445
0.04436691979877651
0.03482479968076122
0.0467092496946454
0.04101563791622934
0.040320491526508705
0.04673584917075932
0.03929628039813704
0.04358954671025276
0.03902588677756927
0.045831022020056844
0.03770113332662731
0.04489227811235093
0.04702484615817666
0.035776109298547874
0.039341819449549634
0.04345550730079412
0.04217023678771827
0.047189741977490485
0.04425071346551873
0.04603638553060591
0.04023706119026869
0.047112312188744544
0.042785431276261804
0.0472752673573792
0.04030513313751329
0.047465243872255085
0.04606608554861455
0.047353835894041754
0.035418380582261655
0.046315976357353586
0.046792077063582835
0.044767051580920814
0.04061415400622147
0.042506571472054576
0.0434251900985837
0.04682438746094704
0.03787534891976975
0.04274407905177213
0.04037384203042496
0.03667588149330446
0.04251173470324526
0.046630687466636296
0.04360593800718078
0.044146423592179455
0.04156197077077296
0.04670764013882968
0.04388558399775681
0.045327010761946444
0.0451115125991404
0.04136652083285153
0.04603401845023036
0.04495395824275911
0.04079724638424814
0.04432447739839553
0.04023465815335513
0.04634907279387116
0.04397157507475283
0.03989872281642064
0.04541019024599979
0.033150942622550895
0.04012502796947956
0.04589916303493083
0.04336117242835462
0.037973430026322606
0.03826157759975743
0.045241281171234285
0.04510533914580697
0.044860723413899545
0.04561946398983098
0.04705777744619319
0.032379095674093285
0.043121396958827975
0.025474178386586055
0.04047270994248062
0.037163816582072864
0.03956057047781845
0.04108902894602767
0.04057446038084371
0.04292799716060226
0.04655312883985393
0.04299689469031162
0.041971271404375635
0.04319542241139481
0.04189776835488338
0.04083754446490535
0.042708776058121165
0.04530522254295647
0.041069082813337446
0.03959548394978046
0.043556035934732514
0.04065978434952822
0.03891546134547941
0.032393410302698614
0.03827100233339212
0.03392134761547341
0.04627993743129385
0.04818490792975523
0.04118134813308716
0.034148761323936606
0.047307586953253815
0.04840543160501581
0.045225668866187334
0.03203276109416038
0.03607007939368487
0.04418036416620016
0.04583243900974249
0.046915173395480736
0.045589057604207645
0.042804121609777215
0.045392943514883516
0.03359415527433157
0.044600965791735156
0.032157920236614616
0.027812707894259978
0.047567379687931025
0.04611403982504271
0.0459302603777498
0.04635870307439663
0.03482842727005482
0.03141922646202147
0.04421621077575467
0.025839287202805282
0.041648927649547314
0.03834423252596305
0.040773898346970476
0.03950274776009952
0.03392925465527254
0.037179975536962354
0.03943644928143305
0.04507098517368237
0.04350271411202848
0.03491308383829892
0.03648362677726077
0.04053007330666197
0.038001172684505584
0.04320533956103026
0.025152311357110733
0.02784205199454469
0.011107660003751517
0.0383000388532877
0.04009240821376443
0.04507312980021389
0.047817591105028985
0.0197262795176357
0.03801153834081358
0.03793189599250372
0.04386983762681485
0.045699312707737964
0.047989515095334695
0.04671380865786757
0.042217389951563544
0.03630778017707847
0.048228833046555515
0.04863096402026713
0.04528557687476278
0.04210725659406499
0.04080694381929934
0.023824453056976197
0.0322957466468215
0.032506661713123323
0.04483824599720538
0.040471401438489554
0.04102432903982699
0.028113000253215437
0.030004268055291557
0.03596582388113204
0.03601916912410941
0.0405128859389912
0.044364216583780945
0.03749857231974602
0.04844511920802815
0.03862939580976963
0.045810697937384244
0.047025541469454764
0.0417438288450968
0.04506474151201546
0.03992854858699598
0.0366192088712539
0.045776288683712474
0.0435819524362245
0.04433856106325984
0.04848612127233954
0.03295379989708846
0.028386968917080337
0.042528281982310796
0.038805779765906004
0.04956928189359605
0.04301021761409938
0.04196190717497043
0.047328324527293436
0.04829728966057301
0.04675149288856321
0.041500866632908584
0.04430615921872993
0.04168585212572533
0.034293902398724305
0.042221685598293944
0.03533839453871434
0.04012644390730808
0.027359616007994525
0.040439966439735145
0.0421215882524848
0.04061922867549583
0.03898084501780215
0.048214889385178684
0.038893758105114105
0.02984094378284433
0.046448700285206236
0.03290430757824494
0.04198260508270727
0.04725705415598656
0.048640309146752485
0.043286821594834324
0.04813727193082985
0.04768057714402676
0.04834339190945029
0.04313394288617101
0.0398148160725832
0.0461738698553294
0.04540334754511714
0.02084329878538847
0.043229652779549356
0.04239437723701651
0.04709620084576309
0.04855313163820435
0.024922655620094807
0.04756055050492287
0.031904482110920875
0.0500691812761128
0.0462006610698998
0.046590347452461725
0.03822162043489516
0.046025675755739216
0.04623819250576198
0.028166719032895
0.04844589485526085
0.04673283262364567
0.046341253809630875
0.04206507888076634
0.0465638845898211
0.04754757111370564
0.044523149190098046
0.043486371872946614
0.04729350779652595
0.03488565025360961
0.042563829285403094
0.045062418874014507
0.048982338022147666
0.03839335351716727
0.03881964925533304
0.05712832510471344
0.04661379245386736
0.04783362961374223
0.043133917881974154
0.047850629118829965
0.04490394661104993
0.028971986668184402
0.03736521750954645
0.045138098638166084
0.027380181521177292
0.03776739328035287
0.03963795035249657
0.03855160493217409
0.02942732131315602
0.04191455936059356
0.03215389725752175
0.04147014223535856
0.03762354152277112
0.033947274320359745
0.03397525069117546
0.038006215121597055
0.03445033835040198
0.033568152762376346
0.03328636841538052
0.02943028596540292
0.042908448025584224
0.044608023337398967
0.04696424912661314
0.034720185637150125
0.045532554249103005
0.03224355269987614
0.0394977872868379
0.03228589406923244
0.04442521523111142
0.035083049198985104
0.04350726531296969
0.039194801204344806
0.041569513832884174
0.037875535398721696
0.04129930652445182
0.039687413006674416
0.035355115700513126
0.031735048742964865
0.040752293220721186
0.03123796328398827
0.03896959677481881
0.03648119423165917
0.04508805187909227
0.03411215996990601
0.03240013295551762
0.04354856934930597
0.04608665442922049
0.045574502861675095
0.04183687554905191
0.02651063974087055
0.04354909578194985
0.04158322911490413
0.03830153729935939
0.023945367234674365
0.040811913748712916
0.03665529686181496
0.030123794799049697
0.03674209799029325
0.04614327595952679
0.040048706611352305
0.04236361251345703
0.03301490420165162
0.04220028129592538
0.03553636988195089
0.041409731087088585
0.036980480580375744
0.03952329283505678
0.0471514546216988
0.034250286373902455
0.04107444935251732
0.0447822122906263
0.032347538471221925
0.023700470825036367
0.04130974777042866
0.038076406227281465
0.042147153215973
0.028639055155217648
0.03543959883863435
0.042796948275395805
0.04191427682659456
0.0483235892392695
0.04361752131022513
0.05160064995288849
0.0166757982224226
0.048349065971374505
0.047664830614626404
0.047194560232758524
0.02329601245000959
0.03518826463215408
0.04673148475326597
0.04444756150133908
0.04603810125440359
0.03964755188869803
0.01805843547098339
0.03981840360571038
0.03859686338653168
0.0465497340746224
0.04065694999955594
0.0419103680472821
0.019193479375078763
0.04098957737311722
0.045430383239686484
0.032208567377308324
0.04148610915440847
0.03851312478797304
0.046395177305117254
0.04785316511727869
0.0407733542798087
0.04816581371203065
0.03977428934763412
0.04488664071932435
0.04460148123241961
0.04069925784831867
0.04134106946262446
0.059468917548656464
0.047558082897961144
0.04388148407153786
0.03339762085500886
0.04347010597458174
0.047023585419729355
0.043997012717649345
0.04299984238509621
0.04464972021877766
0.0384625549633056
0.04162318433133456
0.0340758823355039
0.04353313854454379
0.029306048527359962
0.04667551129348576
0.04427751097083092
0.034740990526316795
0.04904106004908681
0.03266414771429622
0.04405215126382453
0.042351677227765325
0.0322287771915612
0.04703316481523215
0.04563969392254949
0.04277767281010747
0.04189859198816121
0.042426603402569894
0.03838560767024756
0.03598910024700066
0.038247730643374896
0.04471509621664883
0.04169959113150835
0.042706199076520394
0.04598664408512414
0.0310039503292905
0.050814218362420796
0.02692313488286275
0.048749237984791395
0.04558229385564724
0.036207679541160664
0.04877023408189416
0.049889688307791946
0.03246835797148592
0.048746898256846374
0.03955930542067758
0.040328286331146955
0.032101168168442586
0.045593132420132555
0.04657282735803164
0.03006156511604786
0.049645672030746935
0.04892815906070172
0.026854206414686308
0.04925985492505133
0.034336096583442256
0.049860507907236326
0.03818980582524091
0.04437433860796903
0.04840761470347643
0.03472792336031011
0.05316848950460553
0.01
0.04673229553475975
0.030564232913156353
0.03874797675013542
0.04616282844088144
0.04531950994767248
0.04935915128067136
0.040353467920247243
0.04502001778263113
0.03909910288046707
0.04122520333528519
0.03800126443306605
0.04252399533987045
0.03317023477384022
0.04977832673117519
0.03016827028244734
0.05041297669485211
0.04012350817893942
0.045789252622496515
0.04554977705041247
0.04934534782882441
0.05059922341704368
0.04490477393406469
0.045033494726969645
0.04789383132206766
0.03924563836678863
0.046167584458986916
0.04947129048630595
0.028933090809732675
0.030548235900126973
0.039069970631971956
0.04513317424183091
0.0322152179479599
0.039662096981136576
0.04032961502083038
0.04017264919665953
0.035149886580804986
0.03031946824355559
0.03374858342856169
0.039963827170431614
0.03402521457212667
0.03241553816199303
0.039182984899072085
0.0325252097658813
0.04201030775904656
0.04450977961765602
0.03402930337716552
0.03705971494317055
0.03881106083209698
0.04054738109620909
0.041362632896218984
0.04062329493463039
0.03169467490632087
0.028704049527645114
0.035421929996460676
0.023299734951420268
0.03944748820364476
0.03379301088675857
0.037773669476018235
0.028818961049501712
0.03877495428635961
0.033071876530845964
0.03356840271192293
0.037566040728241205
0.037726738682637616
0.037975135778679565
0.041133604738861324
0.04170148975881083
0.03390175912263138
0.0250391266271472
0.03470548038929701
0.04076267344548422
0.05398543626070022
0.035251471056706375
0.02934069548140873
0.04484271595627069
0.04058223580143282
0.038122708126902584
0.040698548053440295
0.03890842990851716
0.04792897870019079
0.03256183638237417
0.046747284570708876
0.048317961406335236
0.04800648493170739
0.047215348975360394
0.04288886384739552
0.04460508903414011
0.038510039188340305
0.03426192016154528
0.023181889690458774
0.04846495135941289
0.04555674720751612
0.03759709236770868
0.03556161034619436
0.03911658453196287
0.04280127817621598
0.03534777243435383
0.042258786705788226
0.035042322104175884
0.04051036702593168
0.03915349283255637
0.04377325812354684
0.03831877441528966
0.04027011271347018
0.04079057435576732
0.042581074358895424
0.04232121039359343
0.035694140910636635
0.01
0.03138755996194151
0.03302838096767664
0.04349735554179241
0.035102404082814856
0.0343016801300374
0.03702703479963999
0.03566081558556661
0.030502482853563766
0.0416786752170638
0.026173159829340875
0.04071742253234753
0.043476586306674614
0.04880977796018124
0.035451800897717475
0.045099636912345885
0.039504022041956584
0.03321177797392011
0.03931232072412968
0.040843467004597185
0.0321989536434412
0.039412275804754565
0.030203075740072464
0.03736156133562327
0.03583652023758207
0.042634521278419664
0.03227253434381315
0.03887473911046982
0.021446799132972955
0.032638337396617444
0.044923124278171196
0.04091715413096704
0.04877732152740161
0.037699358239769935
