-503.144086
-339.137894
-339.564667
-258.957511
-90.290811
-29.542830
-53.087105
-10.712514
-504.224090
-41.661092
-38.564483
-67.414366
-89.855022
-9.061245
-34.538327
-1000.000000
-98.434606
-12.775686
-56.695005
-11.709869
-10.826560
-8.658139
-75.019248
-12.546653
-35.968306
-503.376992
-27.117847
-107.392182
-148.446850
-30.825325
-74.935750
-174.012385
-97.340240
-10.501903
-11.080895
-255.361559
-34.418091
-58.061327
-17.882471
-12.921877
-29.067923
-30.404941
-97.825217
-32.197319
-24.487543
-31.093144
-10.626916
-99.529984
-8.413817
-26.200395
-11.537357
-9.649582
-12.224459
-10.567497
-8.741234
-118.134007
-11.692928
-13.449844
-9.734591
-9.720478
-8.822392
-14.326915
-8.775567
-107.782918
-11.107712
-11.376919
-38.581054
-173.152149
-78.387510
-12.206904
-13.820441
-32.424051
-13.645273
-12.897700
-12.271194
-10.892648
-13.852287
-12.208850
-26.963296
-11.659830
-13.979616
-10.336677
-13.101748
-9.293437
-11.035345
-14.234798
-11.525014
-7.947896
-8.794615
-9.900445
-8.942032
-9.658204
-8.714844
-8.710437
-8.479475
-9.245836
-9.519032
-10.756341
-10.469349
-15.342776
-8.679396
-10.165846
-13.732655
-7.784734
-13.040850
-32.025675
-13.364058
-30.301034
-9.878584
-12.243675
-13.418144
-10.649485
-12.711134
-7.403701
-8.424492
-15.920791
-9.972485
-7.051312
-13.265360
-9.829565
-11.214404
-23.294398
-14.240960
-18.216676
-12.832070
-12.184502
-12.678156
-11.511304
-12.174199
-10.417537
-45.317137
-1000.000000
-10.850790
-13.256573
-7.656965
-7.657019
-10.514789
-7.517011
-9.478105
-9.613190
-8.330379
-13.820673
-7.452163
-8.568855
-39.389984
-6.948951
-9.400077
-8.274807
-11.905126
-91.845504
-12.203780
-12.524943
-8.650041
-11.962157
-9.670588
-9.583382
-11.623634
-8.587515
-7.317398
-8.729095
-9.659331
-8.709087
-9.253963
-8.062855
-10.585902
-8.053748
-7.659218
-12.056649
-14.861688
-10.213348
-9.149197
-9.699712
-8.517906
-8.380012
-8.898520
-7.026427
-13.379527
-9.001960
-7.825757
-6.743646
-8.198122
-26.713788
-8.856473
-8.488118
-8.828895
-8.039929
-12.648594
-9.061183
-23.237514
-7.570785
-12.524635
-33.222576
-7.713839
-30.889479
-21.065978
-41.033109
-7.799084
-11.370052
-26.161708
-10.902767
-8.319763
-11.976526
-12.184913
-25.587800
-21.405748
-7.240267
-26.515360
-8.404264
-8.276850
-8.568918
-7.077080
-1000.000000
-6.995844
-9.962013
-8.201644
-8.759558
-8.544183
-205.947036
-9.149421
-8.219058
-9.036901
-7.992409
-8.696017
-8.508366
-10.346949
-9.289658
-8.017208
-10.703745
-9.623843
-8.572163
-9.303912
-9.184860
-10.249251
-9.703577
-8.934077
-9.913490
-10.005169
-9.574007
-9.610534
-13.823724
-26.880057
-7.416742
-9.600458
-205.613645
-206.531112
-8.841172
-8.564594
-8.542365
-9.482665
-8.494874
-8.566012
-7.804319
-80.357105
-8.239769
-254.914049
-64.136331
-8.643783
-10.062846
-9.688123
-62.710000
-1000.000000
-10.474766
-7.688627
-10.804197
-6.625059
-7.487193
-7.391944
-8.832712
-8.273821
-9.146694
-8.784319
-9.658837
-7.249823
-7.253216
-10.618343
-7.835646
-7.908585
-71.000940
-6.518063
-7.547199
-8.607394
-9.036661
-7.763429
-6.590033
-7.864160
-7.565910
-10.190535
-6.627703
-29.151837
-65.067441
-173.669029
-70.047709
-1000.000000
-7.935576
-7.700750
-9.178565
-7.499567
-7.920425
-5.965225
-5.917025
-7.569770
-7.443945
-7.245571
-8.580591
-7.761637
-7.094433
-6.099047
-6.273014
-7.115504
-7.654021
-6.169717
-1000.000000
-8.453771
-6.667451
-6.705032
-7.015812
-5.859554
-6.906788
-8.125664
-8.483151
-6.958306
-7.480391
-7.754396
-7.952617
-7.546748
-7.578979
-9.807542
-6.722654
-7.003644
-7.533144
-6.368341
-8.375245
-6.748982
-6.120592
-7.389819
-7.031911
-6.569055
-6.466108
-7.099019
-6.432125
-6.935026
-6.053382
-6.809353
-7.184914
-5.367439
-6.756605
-5.943870
-5.725629
-6.436053
-5.669830
-6.816673
-6.521017
-5.766448
-6.756101
-5.932195
-6.048785
-7.061493
-5.779204
-5.937182
-5.268307
-6.392192
-6.744791
-5.780057
-6.567456
-7.250060
-6.016059
-6.232929
-5.754327
-7.388633
-6.426850
-5.659077
-6.570225
-31.237937
-5.546510
-5.815699
-6.224439
-18.220729
-5.345293
-7.180091
-6.276261
-6.318460
-5.474812
-7.166046
-7.652824
-6.265628
-6.595374
-6.964569
-6.618498
-5.990986
-6.444360
-7.526577
-6.720213
-5.742591
-6.991997
-6.303695
-5.205683
-5.651388
-6.084952
-5.654540
-6.118797
-6.767487
-7.252699
-6.603174
-6.095786
-7.241150
-6.373608
-10.994173
-8.527313
-9.627949
-7.632421
-11.236930
-9.801593
-10.921691
-9.387420
-6.167419
-5.430938
-4.782456
-5.194216
-5.495123
-5.510486
-5.794086
-5.442291
-6.127374
-6.858080
-5.081715
-6.754141
-6.428029
-5.981691
-5.742946
-6.239909
-6.174466
-6.568068
-6.554276
-7.338811
-7.343671
-6.622428
-1000.000000
-6.439985
-6.104964
-6.348770
-6.770289
-10.757635
-5.841248
-6.783398
-7.934377
-7.641777
-7.786483
-5.673025
-5.338646
-6.752972
-7.498248
-7.370132
-6.578020
-6.601473
-6.414960
-6.156851
-7.575701
-8.100717
-17.601890
-6.997155
-5.916623
-6.050411
-7.741916
-7.230914
-7.210844
-6.758555
-6.905791
-5.825022
-6.739207
-5.958023
-6.039951
-7.433336
-5.639266
-5.482171
-5.139340
-5.432832
-5.958329
-5.422332
-5.100721
-6.459165
-6.357617
-4.944782
-5.978721
-6.637674
-6.215347
-8.977826
-32.269536
-7.337270
-1000.000000
-5.918874
-11.954368
-7.274937
-11.263112
-6.255333
-10.121486
-9.231014
-6.059059
-5.461637
-5.262875
-6.712939
-6.156593
-5.328567
-6.715784
-6.112169
-6.583726
-6.138331
-5.423831
-7.083960
-5.441622
-6.953738
-6.875079
-5.716273
-5.647790
-6.391186
-4.928065
-5.886918
-5.760375
-6.210088
-10.180509
-6.958520
-6.206147
-7.659899
-6.306353
-7.220936
-21.675091
-7.064642
-7.744724
-6.066966
-7.898264
-5.120832
-5.966364
-35.862473
-5.293980
-6.339235
-1000.000000
-5.797721
-6.812704
-6.390961
-6.226204
-5.799747
-14.583821
-5.105974
-6.008444
-6.077764
-6.248244
-7.014537
-7.996891
-5.623577
-5.897481
-7.361666
-6.449193
-6.524699
-5.397683
-5.593849
-4.865492
-6.184852
-5.702961
-7.155940
-6.381264
-5.306378
-5.693994
-6.649372
-6.294836
-6.054665
-7.825499
-6.141585
-5.590197
-6.118636
-7.369763
-5.247105
-7.450983
-6.147280
-5.325813
-5.835446
-6.270321
-6.414144
-6.717732
-5.547831
-6.441585
-6.506924
-6.848626
-5.975207
-7.093941
-5.929669
-6.904257
-6.724266
-6.397787
-6.987415
-7.136973
-6.405858
-7.138267
-7.043953
-6.175620
-6.683364
-7.091984
-6.330860
-6.395452
-6.176746
-6.337527
-6.111660
-6.505485
-5.745156
-5.916446
-5.850321
-7.511241
-7.479938
-7.103730
-6.286387
-21.965695
-6.624717
-7.907669
-31.612904
-7.919349
-5.791753
-6.048654
-6.793653
-9.456625
-8.915060
-6.044857
-6.564155
-7.316778
-6.877717
-6.433588
-4.926928
-5.226423
-5.088753
-4.974146
-6.766625
-7.117882
-7.188079
-6.270299
-5.930908
-5.495416
-5.218676
-5.788193
-6.881570
-5.994671
-7.104482
-6.449913
-6.227268
-5.286910
-5.689835
-5.350167
-5.220840
-5.094993
-5.838324
-7.120008
-6.630543
-6.202891
-5.632863
-5.564242
-5.100019
-5.496027
-5.579030
-6.504124
-6.536533
-5.659972
-5.898514
-5.918421
-7.338807
-6.671290
-4.941861
-5.552669
-5.880094
-5.909422
-5.645776
-5.585780
-6.239641
-6.263009
-6.207411
-4.974626
-5.356273
-6.803772
-5.806364
-5.527067
-5.833397
-5.804815
-6.728781
-6.682744
-7.529236
-4.965638
-4.938851
-4.924727
-6.024154
-5.677481
-5.895197
-6.653174
-6.025135
-5.340837
-5.293151
-5.441446
-6.074040
-5.627858
-5.804853
-5.996055
-6.730831
-5.613307
-5.708103
-5.310314
-5.771322
-5.997397
-4.970091
-5.049794
-4.948493
-5.306588
-6.994789
-5.787501
-8.284160
-6.137209
-9.231001
-7.161318
-8.185686
-8.499392
-6.243084
-1000.000000
-1000.000000
-7.312874
-6.109624
-8.455361
-9.694277
-7.047006
-10.635713
-6.972051
-8.478080
-8.918655
-9.371968
-9.907114
-6.512407
-9.735573
-9.078571
-7.988308
-6.454782
-8.902484
-5.713869
-8.197779
-7.151664
-6.553064
-6.670057
-8.610487
-9.801808
-9.875243
-9.158092
-9.194753
-10.588842
-10.117267
-10.219857
-8.556656
-9.451715
-8.588808
-8.658264
-6.839728
-1000.000000
-9.085766
-9.510228
-8.442083
-6.549444
-7.347550
-7.030399
-8.208591
-9.155463
-6.646154
-14.365095
-6.664251
-8.495351
-9.286458
-5.609672
-5.595251
-5.481849
-6.001977
-5.648870
-5.775589
-6.910007
-5.447149
-6.108218
-5.040484
-6.727949
-4.584653
-5.792423
-5.702935
-7.018858
-1000.000000
-5.946897
-6.247447
-6.088828
-6.237815
-6.143274
-9.847212
-6.140003
-1000.000000
-5.519423
-5.012744
-7.700364
-5.435556
-5.386115
-5.240532
-5.372821
-6.730048
-6.891222
-6.424789
-5.188365
-7.209123
-5.134619
-4.983453
-5.195113
-6.201567
-5.967447
-5.234986
-5.467368
-6.235072
-5.909728
-5.474491
-8.129161
-8.805620
-5.500892
-4.845407
-5.374922
-5.697879
-6.544347
-5.245602
-4.804319
-6.407294
-7.194087
-6.675920
-1000.000000
-6.718220
-5.008546
-4.974326
-5.879145
-5.473288
-5.894450
-5.541059
-6.000055
-5.931721
-5.156394
-5.008400
-5.153861
-5.544453
-49.264754
-25.690610
-5.235603
-7.230023
-21.699609
-7.076662
-6.230193
-6.530397
-5.899598
-5.801874
-8.666719
-6.085357
-5.826505
-6.485494
-8.052601
-6.679639
-7.173388
-7.146955
-5.666473
-6.201448
-5.457470
-6.622639
-6.367760
-7.156653
-7.010876
-6.212228
-6.732460
-6.034377
-7.095371
-6.825825
-6.609333
-5.662016
-7.078126
-7.260469
-5.682956
-7.002864
-7.159614
-1000.000000
-6.847894
-8.512873
-7.638646
-7.011568
-6.767179
-5.860734
-6.104735
-6.973629
-5.938788
-6.847158
-6.977691
-6.523568
-6.056737
-6.426454
-7.003225
-6.759970
-7.430678
-6.441477
-5.573326
-5.432627
-5.727655
-6.674886
-5.497881
-6.906377
-6.512053
-7.225520
-6.270429
-6.508297
-6.873609
-6.652991
-5.900640
-7.351917
-7.490696
-7.230242
-6.088766
-6.084791
-5.276638
-5.323108
-28.411629
-6.855068
-4.851703
-5.449863
-5.151737
-5.773507
-7.021300
-6.038221
-5.372831
-4.713340
-6.550391
-6.417843
-5.699008
-5.980132
-5.879408
-5.735579
-7.008633
-6.405762
-6.277025
-4.893902
-7.297585
-6.083203
-6.806676
-6.015548
-6.932139
-6.770453
-7.044531
-6.527570
-6.570583
-5.322370
-5.309852
-6.609146
-6.081816
-6.146172
-6.772660
-6.682119
-5.536973
-4.919470
-5.268202
-5.277351
-4.975908
-5.811575
-5.637407
-5.553408
-5.584332
-6.254785
-41.181466
-5.264680
-5.527268
-5.330217
-7.240504
-5.704503
-5.945809
-9.167354
-21.400230
-41.597496
-7.436323
-4.778040
-5.986806
-4.670098
-5.668958
-5.024110
-6.133629
-5.076697
-7.385424
-6.500214
-6.658706
-4.738331
-5.077625
-5.010124
-5.055879
-5.690893
-5.505602
-4.704295
-6.561590
-6.442737
-5.905260
-5.961153
-5.980633
-5.901093
-5.793945
-7.391619
-5.722475
-6.126265
-5.625403
-6.253381
-6.430138
-6.243762
-6.607260
-5.035040
-4.820837
-6.082312
-5.639830
-5.478615
-4.551304
-6.375670
-6.560975
-6.093950
-8.342418
-5.329630
-6.369244
-5.528730
-5.181593
-6.463009
-4.977696
-5.217992
-7.746347
-5.797132
-5.185187
-6.895336
-5.640908
-5.389383
-4.585361
-5.739717
-6.285105
-5.525463
-5.177711
-6.020303
-4.912927
-5.829428
-5.410871
-5.008445
-5.039013
-4.984782
-5.343930
-4.769980
-4.782804
-4.989535
-5.470066
-4.892211
-5.027443
-5.003028
-5.280450
-5.042654
-5.676467
-4.754428
-5.126092
-5.138037
-6.552381
-4.939033
-8.893418
-7.864945
-7.320162
-39.488571
-5.661889
-6.342723
-6.218253
-5.718159
-4.790032
-5.636299
-4.906236
-4.766188
-34.641782
-5.581408
-8.213062
-5.304218
-6.024515
-6.025371
-5.347834
-6.111573
-5.203577
-5.850098
-5.919289
-5.135924
-6.515216
-6.453414
-5.531534
-5.117633
-5.469255
-8.182133
-6.057555
-5.876167
-6.730695
-5.803364
-7.960387
-8.499587
-6.059769
-8.277979
-5.588612
-5.483417
-4.922329
-6.993014
-1000.000000
-4.991928
-5.104891
-5.641179
-5.113149
-5.985291
-7.410224
-6.598108
-5.226393
-5.371339
-5.201515
-5.822804
-5.801122
-5.662457
-5.673270
-5.007780
-6.370541
-5.556200
-5.596829
-5.230732
-6.329032
-6.080909
-4.827654
-5.765834
-5.073427
-6.100082
-5.084742
-5.214549
-6.432668
-4.800146
-5.199151
-6.447235
-5.863419
-5.393478
-6.480043
-4.991182
-5.393031
-5.208426
-5.649933
-5.495711
-4.842833
-5.834238
-6.590557
-5.477692
-4.641188
-5.227444
-5.571350
-5.639832
-4.991006
-5.448465
-5.857790
-7.062807
-6.051795
-6.383291
-6.522709
-5.529987
-5.166741
-5.291765
-6.328558
-6.453463
-5.021899
-6.191014
-6.518629
-5.919840
-5.956121
-5.026024
-6.667863
-5.366938
-6.602889
-4.723042
-7.265731
-5.931872
-5.097429
-5.635248
-6.693494
-6.264807
-5.401651
-5.717131
-6.508563
-7.380311
-6.920415
-4.984603
-5.106394
-5.582437
-4.943341
-4.904057
-4.893687
-6.280596
-5.176581
-5.004954
-5.121232
-5.897631
-4.588256
-5.756544
-5.542969
-5.542411
-4.915242
-5.427674
-1000.000000
-5.107072
-4.930840
-4.891716
-5.862957
-5.766412
-6.930746
-4.843358
-5.458131
-1000.000000
-5.851893
-4.746489
-5.981839
-5.789084
-6.533461
-4.925411
-5.602494
-5.830674
-6.740688
-6.752845
-5.120486
-6.847401
-6.639180
-6.780820
-5.219796
-6.462270
-5.063214
-6.596600
-5.702185
-6.450007
-5.692822
-6.153104
-6.566540
-5.692451
-6.109363
-5.311178
-5.040600
-5.205415
-6.462669
-5.054053
-5.003212
-6.161732
-5.184593
-5.856588
-6.080065
-5.777912
-5.617871
-6.731450
-5.320964
-4.763652
-5.393038
-5.079949
-5.239677
-4.772243
-5.014501
-5.959630
-4.850651
-4.983492
-5.017977
-5.207894
-5.222955
-5.896022
-4.753263
-5.207401
-4.705334
-6.014146
-5.790561
-5.228857
-4.848136
-4.760114
-4.927885
-4.758372
-5.284968
-4.942719
-5.374790
-5.121356
-5.104490
-4.836974
-5.317548
-5.572995
-4.948924
-4.915459
-5.085195
-5.944594
-5.443113
-5.249092
-5.031020
-4.881443
-5.558266
-5.931380
-5.212951
-4.737919
-4.724632
-5.153330
-4.979050
-4.911329
-5.278239
-4.850640
-4.908021
-5.561395
-4.868391
-4.921126
-5.199575
-5.263145
-4.731000
-5.562113
-5.287743
-5.972191
-5.980556
-6.059636
-5.433022
-6.302870
-6.688397
-4.705826
-4.824319
-5.511659
-5.365185
-6.022073
-5.318202
-5.843723
-6.398199
-5.370210
-5.174679
-6.831365
-6.330478
-5.182572
-4.943857
-6.422093
-4.765326
-4.770652
-5.799876
-4.585987
-5.347487
-5.473441
-4.627350
-5.123273
-4.982171
-5.654297
-4.966202
-5.467630
-5.100491
-5.234984
-5.545728
-5.619925
-5.181333
-5.324531
-5.517724
-4.956948
-4.997146
-5.506060
-4.784510
-5.013273
-4.592966
-5.535693
-5.007363
-4.798092
-4.497861
-5.645374
-4.625724
-4.488341
-5.036248
-5.358205
-5.455848
-5.606671
-5.031764
-5.331505
-5.079794
-6.070197
-5.587446
-5.216724
-4.508792
-4.699966
-5.129233
-5.340655
-4.722302
-5.389139
-5.609264
-5.273474
-5.531034
-5.527068
-5.302279
-5.824148
-5.456167
-6.100161
-4.643238
-5.016088
-5.465310
-4.877061
-6.045635
-5.557404
-5.042939
-5.501610
-5.296869
-5.377110
-5.067023
-4.932821
-5.077293
-4.818447
-4.843264
-6.097726
-5.719569
-6.730650
-5.276505
-5.283202
-4.933949
-5.257273
-5.605239
-5.302107
-4.620563
-4.912402
-5.323754
-5.400047
-5.358827
-6.152877
-4.960677
-4.993569
-5.934221
-6.122737
-4.758937
-5.324532
-5.193488
-6.247789
-5.634494
-5.770680
-4.709016
-4.449699
-5.131679
-6.911300
-4.548476
-4.367995
-4.801639
-6.440644
-6.229591
-4.991750
-4.705457
-4.960146
-4.827898
-5.279609
-5.167756
-6.296624
-5.012015
-6.039943
-7.590258
-4.859041
-5.002824
-4.881295
-4.728133
-5.445996
-6.483115
-4.692472
-6.700557
-4.846719
-6.181920
-4.881271
-5.662808
-6.209722
-6.227880
-5.693513
-5.073120
-4.898241
-6.930861
-5.613461
-5.582974
-6.699023
-5.274424
-9.111161
-8.214639
-12.100738
-5.896981
-5.584161
-4.893914
-4.630885
-7.754102
-5.980853
-5.404912
-5.098287
-4.704248
-4.545745
-4.417278
-5.976831
-5.523406
-4.603161
-4.792612
-4.895084
-4.983862
-6.076644
-9.372645
-7.178605
-7.001557
-5.481614
-6.173617
-5.724021
-7.556040
-7.088882
-6.820922
-6.098361
-5.713699
-5.371414
-6.038414
-4.871220
-6.680697
-5.041326
-4.978730
-5.842948
-5.188511
-6.359159
-5.876988
-4.525765
-5.304020
-5.018934
-4.529605
-5.899724
-6.719895
-5.434433
-5.896422
-4.544563
-5.390338
-5.332774
-4.882314
-4.852999
-5.015335
-5.385618
-5.036922
-5.597514
-6.498629
-6.199716
-5.255642
-5.157975
-6.750742
-4.997169
-5.839506
-5.549222
-5.856247
-4.806750
-5.320704
-6.871399
-5.534507
-6.970679
-5.757242
-4.331616
-4.360322
-5.172760
-4.507709
-4.711286
-4.828188
-5.414537
-5.702329
-4.609282
-5.096686
-8.520513
-4.976250
-5.096652
-4.862438
-4.332023
-7.401158
-4.679978
-6.798171
-4.637805
-4.670466
-4.588298
-5.591272
-4.584913
-4.943941
-6.618642
-4.537396
-4.793053
-5.112658
-5.573979
-4.675321
-4.545866
-4.748822
-4.802329
-4.301441
-6.070668
-6.020328
-4.673135
-4.463713
-5.906917
-6.205106
-1000.000000
-5.052573
-4.694562
-4.832329
-4.687572
-4.951774
-6.096508
-5.731005
-5.061578
-6.489647
-5.922393
-4.834714
-6.246920
-6.587484
-6.391909
-5.868749
-5.897468
-5.734509
-6.045227
-6.030138
-6.470447
-5.750441
-5.549189
-6.438820
-6.797422
-5.880909
-4.927814
-5.591409
-7.449842
-4.940521
-6.141288
-6.517146
-7.635084
-5.084410
-6.696286
-6.217968
-6.031230
-5.651694
-6.573033
-6.090468
-5.407661
-6.657613
-7.498392
-5.803104
-7.283773
-6.023388
-6.600520
-5.507982
-5.660080
-6.891319
-4.776408
-4.781876
-4.919052
-5.712530
-6.133622
-5.215357
-6.194554
-5.533705
-6.604324
-6.047855
-6.552441
-5.662410
-6.577022
-4.873075
-5.101227
-5.275702
-5.729361
-5.976546
-5.236526
-5.617682
-6.137205
-5.169105
-4.704475
-5.737363
-5.438934
-4.573613
-7.481095
-6.797880
-5.043937
-5.922806
-6.264183
-6.124317
-6.112078
-6.039981
-5.653117
-4.907028
-5.019567
-1000.000000
-1000.000000
-4.401115
-4.188172
-4.681791
-8.297567
-6.367778
-4.448314
-5.004082
-4.507993
-5.762862
-10.102395
-5.787391
-6.263680
-4.590002
-5.970382
-5.372661
-43.355863
-5.716761
-4.771730
-6.904541
-5.659713
-6.517041
-4.892415
-4.749150
-6.047509
-4.500221
-5.576203
-4.756213
-5.051910
-5.373144
-5.160209
-1000.000000
-4.551542
-4.850657
-6.784099
-5.158609
-4.782448
-5.263839
-5.358014
-4.958216
-6.183548
-5.462160
-6.071228
-4.834396
-1000.000000
-4.664809
-4.816862
-5.844753
-4.766115
-6.056887
-5.666039
-5.360066
-6.622678
-4.631473
-5.001801
-5.277549
-5.090590
-5.900043
-6.293095
-6.254238
-6.159809
-5.031191
-5.636187
-5.212038
-4.777913
-6.332298
-4.707831
-7.267649
-4.600489
-5.158208
-5.965267
-4.522243
-4.562157
-6.037894
-4.468771
-5.191062
-5.501961
-6.961938
-5.227627
-4.360219
-6.250757
-4.208585
-4.549236
-7.982046
-4.350414
-6.251957
-4.590338
-5.581148
-5.078220
-4.709233
-6.662246
-4.897278
-1000.000000
-4.713509
-6.507792
-5.942804
-5.138465
-4.976645
-4.729463
-5.303817
-5.743373
-6.480250
-5.142300
-6.350127
-5.791213
-7.001531
-4.643113
-6.271838
-4.955021
-5.390944
-5.498727
-5.287118
-4.585533
-4.701337
-5.145602
-5.127629
-4.998238
-5.879752
-5.622359
-4.511686
-5.832589
-6.497616
-5.836983
-5.124248
-6.257969
-5.519460
-6.390670
-5.835203
-6.867147
-6.274197
-5.891443
-5.861990
-5.948234
-6.274419
-6.390546
-7.122743
-6.234253
-6.108540
-6.342344
-6.792934
-6.283337
-5.729952
-5.907006
-5.012807
-6.780703
-6.718247
-5.654771
-6.717919
-5.880259
-6.360216
-6.709003
-6.948591
-6.055682
-7.105259
-6.858777
-5.909341
-6.274644
-5.470776
-5.584617
-6.434772
-6.090722
-6.927179
-5.821040
-6.396651
-5.080055
-6.215863
-6.411369
-5.948751
-5.410226
-5.924319
-6.373595
-6.481878
-5.110820
-6.510699
-4.740387
-4.907834
-4.706327
-4.989436
-5.432440
-5.287571
-5.975204
-6.425863
-6.905500
-4.981690
-4.655662
-6.174056
-6.609141
-5.316493
-6.302194
-5.774213
-6.074720
-5.737035
-6.271820
-6.210668
-5.761465
-6.246284
-6.789293
-5.206758
-5.510244
-4.998169
-5.715527
-1000.000000
-7.374215
-5.661011
-5.074869
-5.479024
-5.669490
-6.042545
-6.498695
-7.788347
-5.697993
-6.294890
-5.311137
-5.649271
-5.856182
-5.775985
-5.140220
-5.830493
-6.026331
-5.623236
-5.239526
-5.715748
-6.381934
-5.921034
-6.315318
-6.010545
-5.437198
-5.841714
-5.534222
-7.341024
-5.851463
-5.576794
-5.226413
-5.858131
-5.251286
-5.505945
