-2508
-2032
-1738
-2628
-2136
-2702
-2079
-2388
-2075
-2250
-2200
-1872
-2140
-3085
-2074
-2698
-2094
-2121
-2401
-3274
-1898
-2467
-2021
-2605
-2881
-2304
-2344
-2502
-1807
-3316
-3051
-3882
-2246
-2314
-2184
-2441
-2188
-2482
-2417
-2727
-3754
-2952
-2584
-2071
-2169
-2415
-2848
-2218
-2825
-2512
-2846
-3307
-2125
-1598
-2101
-1089
-2237
-864
-3160
-2386
-475
-3101
-2345
-837
-815
-1161
-2517
-660
-354
-2550
-3094
-1184
-1918
-2492
-788
-2759
-623
-2165
-1273
-1051
-495
-872
-4713
-2420
-3360
-1432
-4131
-1191
-3025
-1828
-3612
-2249
-2324
-3164
-2112
-3100
-1268
-1412
-2975
-917
-2025
-1040
-2888
-633
-1648
-1936
-1825
-2640
-2389
-2553
-2852
-2989
-2090
-3742
-2086
-1385
-1192
-1408
-2774
-1558
-3858
-1138
-2485
-1069
-3309
-851
-2663
-1143
-2014
-1765
-2675
-257
-253
-2410
-2678
-2792
-684
-685
-1022
-167
-2684
-269
-2537
-202
-3355
-255
-2825
-793
-864
-3551
-2150
-693
-700
-579
-1376
-2206
-815
-457
-2085
-3641
-1967
-2647
-1137
-2357
-1892
-1857
-3104
-1049
-1209
-3164
-2854
-933
-995
-2706
-2278
-1495
-808
-861
-389
-1046
-895
-658
-3399
-2327
-2733
-379
-980
-951
-675
-826
-802
-1161
-2999
-935
-810
-1535
-533
-4222
-947
-1116
-1194
-1471
-1343
-592
-1671
-319
-2757
-1567
-2082
-1282
-1193
-1188
-823
-1634
-472
-753
-439
-1120
-724
-2865
-2336
-650
-912
-929
-1018
-680
-818
-326
-123
-129
-422
-231
-391
-146
-375
-316
-215
-268
-397
-290
-221
-202
-257
-363
-233
-2656
-119
-427
-2431
-172
-2825
-2402
-2291
-2343
-2265
-2382
-2366
-2275
-2362
-2267
-2311
-2274
-2226
-2283
-2214
-302
-2276
-2364
-2298
-2280
-2366
-2349
-2234
-2410
-2171
-2281
-2261
-2248
-2214
-2303
-2235
-2458
-2298
-2263
-2196
-2354
-731
-788
-709
-381
-802
-371
-1292
-915
-708
-709
-2961
-660
-1033
-679
-3154
-1177
-978
-1070
-431
-2594
-542
-907
-867
-734
-2497
-492
-589
-698
-764
-984
-1155
-1034
-787
-758
-504
-1024
-1048
-2230
-909
-2446
-815
-1398
-957
-1011
-946
-850
-762
-571
-1270
-1144
-938
-3317
-441
-282
-299
-714
-851
-846
-421
-593
-914
-3466
-981
-1268
-3187
-609
-370
-288
-773
-386
-282
-320
-1022
-647
-815
-1029
-1079
-877
-354
-425
-275
-811
-2343
-1656
-870
-996
-1143
-818
-1506
-846
-1363
-1197
-876
-792
-746
-984
-986
-856
-1245
-553
-1088
-790
-1141
-670
-967
-510
-495
-644
-850
-689
-801
-811
-2485
-2499
-745
-284
-525
-199
-604
-457
-524
-380
-863
-1086
-793
-607
-936
-801
-1005
-1062
-684
-947
-888
-892
-1078
-244
-520
-262
-665
-818
-1059
-691
-1180
-743
-437
-415
-307
-631
-463
-284
-301
-802
-687
-755
-685
-534
-408
-281
-186
-163
-432
-118
-190
-231
-209
-321
-338
-679
-728
-351
-201
-691
-652
-724
-771
-542
-665
-329
-130
-179
-154
-168
-186
-327
-199
-137
-252
-199
-200
-154
-168
-168
-415
-682
-803
-749
-612
-417
-489
-545
-404
-274
-218
-555
-770
-695
-725
-675
-605
-606
-586
-645
-249
-542
-428
-339
-599
-292
-252
-752
-773
-740
-630
-659
-726
-708
-664
-939
-968
-837
-1023
-205
-388
-281
-490
-164
-316
-325
-785
-717
-314
-389
-509
-451
-634
-909
-779
-1113
-949
-534
-2036
-403
-295
-233
-467
-566
-443
-498
-2173
-517
-499
-296
-333
-2715
-691
-719
-724
-2487
-479
-706
-648
-548
-724
-896
-915
-1126
-1057
-809
-827
-2376
-839
-2475
-624
-490
-2528
-664
-679
-2024
-228
-379
-194
-394
-358
-1384
-189
-252
-155
-217
-633
-898
-934
-942
-827
-742
-796
-636
-872
-145
-549
-433
-558
-258
-270
-307
-144
-426
-2728
-732
-634
-850
-919
-902
-899
-1020
-2036
-984
-897
-731
-843
-711
-792
-818
-804
-844
-380
-570
-834
-1156
-451
-234
-474
-223
-201
-445
-182
-307
-220
-215
-699
-632
-714
-693
-265
-636
-490
-476
-552
-590
-777
-676
-604
-373
-453
-584
-202
-517
-358
-594
-454
-552
-623
-319
-164
-254
-149
-216
-240
-344
-214
-215
-235
-1032
-677
-899
-640
-612
-2369
-613
-450
-495
-240
-449
-211
-267
-157
-112
-166
-190
-2102
-177
-328
-282
-171
-617
-675
-719
-751
-869
-772
-623
-771
-2086
-2522
-2680
-619
-600
-2615
-713
-601
-617
-672
-499
-663
-2018
-545
-532
-677
-647
-586
-666
-540
-539
-574
-592
-347
-332
-381
-277
-481
-395
-231
-361
-216
-401
-462
-678
-568
-474
-721
-704
-660
-390
-334
-224
-314
-198
-241
-2044
-369
-471
-277
-366
-287
-311
-301
-553
-683
-627
-652
-851
-935
-889
-881
-838
-782
-799
-782
-800
-634
-753
-534
-667
-682
-677
-1699
-666
-606
-546
-795
-635
-618
-666
-596
-597
-595
-503
-570
-603
-499
-452
-491
-441
-434
-285
-450
-343
-403
-620
-2615
-549
-574
-629
-632
-552
-534
-590
-417
-511
-549
-638
-108
-198
-141
-281
-103
-157
-169
-145
-100
-179
-132
-138
-234
-126
-143
-114
-208
-147
-229
-275
-387
-316
-308
-182
-262
-419
-398
-385
-404
-144
-194
-204
-246
-230
-273
-264
-157
-284
-182
-479
-583
-654
-605
-694
-627
-665
-761
-497
-535
-505
-577
-128
-245
-150
-130
-285
-227
-145
-182
-130
-184
-174
-144
-471
-2126
-235
-490
-401
-346
-283
-410
-382
-245
-986
-743
-825
-748
-600
-272
-328
-347
-393
-411
-812
-805
-805
-821
-607
-597
-497
-505
-572
-446
-434
-450
-192
-287
-222
-159
-231
-221
-300
-453
-409
-429
-416
-331
-726
-595
-741
-823
-767
-682
-752
-541
-213
-333
-274
-276
-295
-354
-466
-524
-453
-501
-551
-493
-472
-500
-401
-533
-418
-513
-150
-2070
-171
-182
-323
-204
-187
-1119
-191
-248
-1515
-487
-456
-525
-418
-435
-511
-495
-512
-404
-406
-578
-688
-562
-604
-583
-118
-250
-272
-175
-202
-102
-141
-194
-164
-320
-160
-577
-626
-636
-714
-467
-349
-1255
-439
-621
-595
-591
-613
-665
-661
-1254
-659
-199
-273
-312
-256
-176
-246
-384
-235
-292
-223
-203
-226
-204
-760
-208
-303
-398
-223
-205
-758
-389
-196
-578
-201
-171
-209
-228
-152
-431
-166
-262
-144
-267
-590
-155
-245
-262
-3145
-408
-787
-423
-482
-223
-184
-354
-121
-208
-149
-122
-197
-158
-159
-182
-585
-559
-597
-585
-682
-583
-531
-458
-481
-649
-914
-751
-685
-837
-765
-671
-666
-393
-124
-382
-311
-348
-401
-375
-435
-424
-520
-477
-532
-542
-655
-330
-179
-334
-171
-207
-533
-170
-266
-557
-572
-553
-516
-568
-987
-581
-542
-479
-397
-360
-393
-540
-588
-590
-562
-368
-353
-352
-444
-147
-209
-126
-185
-128
-173
-197
-127
-172
-98
-124
-107
-135
-130
-247
-419
-387
-463
-439
-338
-374
-351
-425
-389
-414
-441
-561
-642
-670
-1090
-679
-412
-214
-263
-178
-166
-381
-223
-240
-193
-352
-467
-342
-471
-393
-432
-400
-398
-129
-131
-131
-76
-106
-107
-108
-101
-103
-86
-87
-143
-86
-103
-112
-98
-95
-81
-108
-132
-470
-593
-410
-456
-482
-470
-577
-493
-385
-439
-438
-431
-243
-351
-344
-354
-484
-482
-389
-394
-427
-781
-609
-528
-526
-1884
-473
-437
-533
-154
-665
-124
-141
-149
-113
-170
-141
-143
-131
-106
-151
-551
-644
-489
-567
-137
-217
-337
-192
-197
-173
-575
-129
-346
-741
-616
-703
-561
-356
-346
-414
-362
-103
-191
-791
-257
-332
-110
-90
-176
-131
-333
-346
-345
-347
-454
-424
-464
-403
-270
-170
-187
-304
-212
-218
-338
-422
-367
-400
-410
-441
-501
-1763
-481
-460
-495
-412
-433
-157
-248
-2096
-119
-234
-189
-145
-143
-2125
-155
-155
-196
-181
-433
-459
-526
-454
-2203
-142
-157
-159
-143
-483
-2620
-125
-307
-120
-140
-620
-1618
-585
-687
-116
-127
-118
-194
-113
-192
-151
-135
-184
-201
-128
-350
-275
-83
-125
-534
-142
-136
-132
-123
-116
-112
-154
-162
-144
-231
-496
-486
-595
-2800
-513
-496
-498
-529
-493
-464
-468
-508
-450
-418
-487
-483
-439
-486
-477
-503
-511
-2505
-492
-388
-2225
-359
-489
-460
-2076
-405
-712
-357
-371
-115
-127
-81
-74
-144
-123
-141
-95
-76
-111
-90
-106
-141
-123
-123
-122
-141
-112
-113
-189
-293
-338
-149
-303
-304
-137
-84
-153
-258
-172
-113
-137
-156
-183
-160
-124
-142
-104
-158
-168
-119
-219
-255
-247
-152
-135
-119
-133
-551
-493
-560
-558
-510
-467
-931
-450
-368
-501
-862
-432
-464
-473
-424
-426
-1433
-234
-323
-328
-328
-353
-235
-382
-306
-197
-355
-535
-2133
-581
-523
-535
-440
-175
-403
-195
-166
-338
-336
-457
-376
-396
-422
-535
-700
-503
-534
-102
-109
-101
-108
-481
-153
-155
-306
-306
-501
-393
-392
-470
-540
-512
-634
-622
-846
-636
-80
-148
-478
-91
-120
-102
-109
-110
-118
-288
-145
-174
-191
-128
-133
-384
-669
-394
-339
-441
-2418
-354
-433
-358
-446
-473
-869
-413
-88
-151
-209
-104
-181
-98
-126
-103
-124
-117
-179
-142
-71
-141
-117
-125
-162
-291
-348
-175
-209
-301
-249
-102
-157
-114
-98
-190
-207
-181
-142
-203
-180
-117
-154
-91
-113
-146
-601
-636
-511
-562
-495
-438
-440
-794
-254
-106
-235
-173
-112
-165
-123
-450
-190
-141
-107
-515
-209
-106
-281
-126
-238
-124
-212
-155
-131
-627
-714
-682
-515
-332
-800
-427
-275
-346
-501
-629
-551
-548
-714
-505
-464
-516
-339
-400
-379
-261
-377
-100
-126
-115
-217
-112
-138
-123
-100
-117
-126
-129
-116
-170
-119
-137
-148
-195
-476
-449
-432
-479
-170
-196
-228
-185
-156
-347
-357
-241
-116
-211
-119
-852
-147
-220
-121
-99
-100
-153
-150
-160
-198
-255
-2663
-402
-439
-551
-545
-380
-325
-523
-176
-226
-392
-139
-170
-1464
-163
-112
-149
-136
-168
-152
-103
-144
-146
-118
-90
-138
-67
-89
-78
-109
-81
-103
-94
-128
-128
-123
-82
-73
-110
-103
-79
-105
-83
-85
-97
-95
-77
-78
-117
-427
-467
-639
-612
-506
-724
-555
-504
-250
-411
-381
-375
-297
-781
-787
-709
-640
-86
-109
-111
-82
-143
-94
-125
-121
-115
-116
-109
-120
-94
-96
-97
-91
-92
-115
-120
-92
-100
-128
-98
-258
-223
-273
-221
-170
-201
-178
-349
-530
-463
-519
-478
-106
-142
-163
-170
-148
-210
-215
-133
-129
-127
-2106
-119
-108
-192
-333
-207
-207
-313
-302
-839
-481
-412
-476
-487
-719
-575
-519
-588
-124
-96
-177
-108
-137
-124
-154
-143
-101
-149
-134
-117
-130
-106
-123
-107
-130
-102
-101
-336
-102
-138
-156
-110
-162
-137
-2092
-112
-161
-115
-148
-315
-1712
-419
-381
-479
-223
-187
-103
-214
-2080
-311
-156
-222
-149
-164
-136
-368
-150
-365
-218
-192
-217
-164
-175
-218
-205
-115
-191
-180
-124
-128
-144
-131
-161
-122
-115
-115
-264
-177
-133
-156
-172
-156
-143
-133
-135
-160
-141
-78
-185
-120
-124
-2411
-112
-124
-103
-182
-581
-2152
-669
-659
-641
-105
-124
-126
-92
-93
-113
-175
-108
-248
-135
-132
-337
-99
-100
-125
-102
-120
-131
-71
-100
-119
-110
-215
-171
-178
-118
-120
-111
-165
-120
-88
-165
-138
-232
-123
-134
-129
-144
-99
-103
-110
-136
-128
-96
-90
-98
-120
-114
-119
-140
-141
-116
-203
-97
-139
-165
-136
-133
-130
-171
-131
-111
-147
-128
-121
-93
-114
-102
-448
-117
-503
-556
-553
-548
-538
-516
-685
-572
-600
-617
-783
-644
-906
-689
-601
-719
-335
-405
-387
-335
-359
-433
-422
-377
-490
-474
-392
-471
-449
-429
-454
-334
-418
-414
-543
-424
-128
-103
-121
-158
-154
-149
-125
-143
-116
-172
-119
-137
-166
-132
-99
-135
-140
-148
-142
-134
-108
-108
-97
-128
-131
-121
-112
-101
-122
-142
-145
-140
-188
-115
-114
-1219
-132
-111
-211
-182
-109
-231
-165
-135
-175
-199
-192
-166
-103
-213
-356
-387
-351
-450
-152
-230
-191
-233
-189
-337
-215
-245
-188
-419
-175
-366
-153
-133
-151
-200
-222
-123
-446
-508
-495
-490
-599
-640
-682
-705
-316
-319
-346
-394
-505
-495
-565
-464
-450
-407
-434
-681
-511
-601
-527
-522
-105
-103
-120
-864
-124
-148
-121
-178
-204
-156
-115
-132
-362
-516
-440
-509
-424
-132
-144
-160
-219
-160
-207
-140
-102
-153
-211
-140
-141
-118
-139
-136
-118
-259
-142
-98
-95
-134
-212
-141
-103
-237
-157
-195
-165
-729
-668
-777
-640
-469
-337
-423
-394
-551
-1627
-511
-432
-382
-537
-467
-398
-531
-1003
-685
-635
-223
-249
-170
-139
-862
-140
-275
-152
-108
-147
-125
-221
-131
-170
-248
-155
-179
-112
-209
-133
-143
-370
-171
-149
-186
-182
-134
-223
-192
-171
-256
-322
-217
-239
-200
-658
-592
-677
-588
-319
-320
-324
-327
-660
-583
-567
-572
-459
-355
-352
-345
-500
-511
-519
-620
-393
-466
-383
-423
-507
-476
-542
-450
-387
-343
-377
-307
-295
-169
-310
-192
-111
-161
-233
-151
-106
-115
-129
-166
-134
-241
-113
-165
-135
-142
-164
-80
-133
-152
-221
-140
-121
-189
-209
-193
-219
-126
-144
-197
-199
-104
-321
-326
-325
-302
-375
-227
-238
-154
-226
-206
-237
-148
-238
-284
-193
-499
-596
-455
-496
-468
-534
-518
-506
-319
-304
-303
-340
-1362
-133
-103
-86
-246
-97
-224
-2523
-174
-230
-547
-552
-514
-517
-397
-418
-419
-403
-338
-310
-346
-298
-158
-296
-309
-210
-249
-184
-169
-114
-161
-215
-199
-106
-123
-167
-235
-130
-342
-2168
-131
-136
-200
-609
-512
-493
-658
-191
-145
-113
-113
-160
-260
-177
-161
-140
-166
-139
-102
-158
-442
-437
-418
-343
-110
-2017
-147
-206
-99
-138
-160
-139
-147
-164
-161
-154
-122
-310
-192
-134
-504
-446
-497
-489
-562
-604
-538
-578
-881
-100
-108
-110
-163
-107
-107
-119
-165
-197
-127
-98
-105
-168
-160
-133
-353
-426
-280
-331
-481
-526
-441
-442
-326
-358
-415
-396
-347
-359
-315
-341
-367
-400
-470
-390
-103
-112
-75
-104
-114
-82
-105
-100
-119
-78
-101
-97
-152
-79
-111
-155
-87
-89
-97
-126
-86
-145
-152
-125
-173
-319
-187
-242
-322
-308
-327
-94
-87
-83
-129
-112
-80
-93
-155
-114
-111
-90
-80
-99
-144
-116
-142
-2008
-96
-146
-132
-2008
-2066
-79
-104
-2413
-421
-2316
-2353
-406
-528
-1022
-654
-561
-286
-383
-412
-340
-337
-278
-165
-456
-142
-308
-366
-375
-391
-367
-89
-89
-135
-110
-135
-143
-100
-145
-118
-135
-107
-101
-103
-137
-113
-105
-110
-153
-420
-384
-2281
-436
-2229
-415
-119
-120
-330
-122
-113
-108
-147
-291
-230
-99
-136
-140
-115
-133
-158
-189
-158
-227
-158
-197
-152
-181
-186
-154
-149
-122
-146
-354
-359
-364
-413
-2169
-481
-442
-448
-2012
-468
-511
-523
-526
-471
-1173
-324
-336
-355
-254
-220
-266
-222
-248
-393
-222
-275
