-2059
-2709
-2626
-4767
-3765
-2603
-2599
-3385
-4844
-4105
-2135
-3223
-2425
-2254
-2148
-2991
-6281
-2042
-2672
-4355
-5085
-5706
-2153
-4217
-2079
-3387
-2264
-5801
-3077
-2489
-2035
-2137
-2551
-3429
-3750
-2052
-2772
-2046
-2126
-3408
-4811
-2139
-5503
-2069
-2068
-3906
-2280
-2449
-2763
-4433
-2297
-2164
-3592
-4776
-2336
-6422
-2451
-3494
-4628
-3446
-5537
-2096
-5223
-2066
-4600
-5408
-3842
-5380
-3372
-5232
-2041
-4272
-6083
-3405
-4571
-5999
-3860
-3828
-2247
-5740
-4812
-2066
-5349
-2086
-5146
-3999
-2591
-4136
-3816
-5543
-5104
-2983
-4392
-2667
-4831
-4762
-658
-2797
-2474
-4851
-3255
-2061
-6013
-2759
-2066
-5367
-1840
-2025
-2072
-3970
-1105
-2089
-5849
-4977
-5889
-4221
-2204
-5383
-3961
-3315
-4216
-4116
-4322
-1192
-4273
-4364
-3065
-2068
-3773
-5509
-4211
-3222
-3353
-5331
-2973
-3807
-5700
-3117
-3212
-4105
-3613
-4897
-5177
-4179
-2040
-3350
-2823
-2949
-3856
-3138
-1398
-2957
-4946
-2288
-2494
-3454
-2749
-4180
-2663
-3807
-4118
-4610
-3997
-3561
-3414
-4926
-4769
-4436
-3721
-4506
-3454
-4602
-3965
-4260
-4525
-3920
-3642
-5369
-4827
-4322
-5036
-6211
-3805
-4211
-3774
-2771
-5371
-5448
-3205
-3824
-4678
-4142
-6703
-6695
-6201
-6479
-6074
-6622
-6690
-7134
-4533
-2338
-6452
-5737
-5006
-3394
-3357
-6259
-2040
-2883
-3039
-4867
-844
-2087
-2794
-5099
-5320
-3414
-4622
-4871
-1745
-2231
-3163
-1735
-4425
-3117
-4231
-2939
-5720
-2911
-2857
-2846
-2112
-2587
-2101
-1910
-2837
-2571
-2027
-1743
-1151
-3345
-3069
-3172
-2780
-2973
-718
-2413
-1885
-2887
-2874
-5138
-2903
-2775
-3114
-1955
-4688
-1443
-1059
-2135
-3867
-4514
-5049
-4212
-2087
-4606
-3332
-3010
-2710
-3843
-4262
-2719
-3317
-4521
-1603
-3282
-687
-5326
-949
-977
-1075
-925
-2034
-3712
-4014
-4624
-1415
-789
-2757
-3656
-3091
-873
-969
-1496
-2082
-2781
-2228
-4135
-3882
-2059
-2438
-4890
-3316
-5115
-2214
-3096
-2778
-2255
-3505
-2857
-2137
-2086
-2754
-2717
-2442
-2311
-2208
-1549
-1587
-2140
-2146
-3554
-1114
-998
-2503
-1927
-1987
-2055
-1471
-1119
-1766
-1520
-887
-1339
-748
-2088
-1298
-548
-3170
-1005
-2131
-1180
-503
-1406
-2617
-2722
-2694
-3032
-3080
-2996
-2758
-3018
-2798
-2745
-3198
-776
-2755
-2612
-2921
-2583
-2858
-3152
-3108
-3080
-2793
-2814
-3057
-2862
-2620
-2744
-3357
-3507
-3924
-2015
-3210
-2414
-2216
-2526
-2663
-2134
-3456
-2098
-2349
-1762
-3151
-2009
-720
-1356
-937
-1040
-1003
-847
-2399
-944
-1410
-2937
-2054
-4349
-3927
-4458
-3763
-2072
-6143
-3674
-2949
-3273
-4322
-2519
-2515
-2588
-4641
-2982
-2903
-3834
-3698
-4610
-3261
-2728
-2433
-2592
-1952
-2396
-982
-4007
-2277
-2331
-4098
-2203
-2403
-2610
-2179
-3782
-3856
-2894
-3191
-770
-1525
-1320
-1558
-1578
-1162
-1357
-798
-1036
-925
-1002
-1696
-2064
-1892
-1961
-2100
-2179
-1968
-2787
-2230
-1766
-1349
-1773
-1432
-1503
-1424
-1846
-1347
-1899
-1717
-2048
-1413
-1862
-2105
-2146
-2162
-2154
-2175
-2069
-1868
-1800
-2088
-1260
-902
-2281
-2092
-2123
-1877
-1738
-2643
-2120
-2244
-2841
-2121
-2128
-2098
-2052
-2231
-1773
-2623
-1750
-1891
-2085
-1946
-1530
-2339
-1756
-1459
-1818
-1462
-1894
-1750
-1976
-2108
-2092
-2572
-1632
-1752
-1660
-2158
-1938
-2045
-2019
-1601
-1492
-1740
-1309
-1599
-2465
-2096
-2090
-2264
-1785
-1961
-1989
-1848
-1398
-1646
-1447
-1722
-1858
-1649
-1708
-1352
-1499
-2054
-1582
-1451
-1718
-1794
-1652
-1732
-1394
-1436
-2046
-1584
-1530
-1695
-1466
-1600
-1766
-1504
-3364
-1199
-577
-977
-583
-1286
-4722
-4234
-4590
-1932
-4063
-1501
-1561
-2066
-1322
-1589
-1574
-1434
-1470
-1688
-1983
-2023
-2313
-2069
-1752
-1488
-2211
-1744
-1881
-1552
-2093
-516
-849
-463
-584
-745
-436
-675
-557
-725
-985
-488
-733
-1346
-602
-715
-641
-2227
-963
-755
-2968
-440
-827
-2024
-707
-662
-944
-1205
-821
-441
-360
-364
-308
-329
-555
-347
-1053
-253
-387
-2109
-496
-301
-444
-437
-422
-246
-640
-779
-2835
-1237
-1533
-1310
-756
-1760
-2240
-1011
-976
-1283
-1789
-1749
-1663
-1835
-1938
-700
-721
-524
-724
-1185
-1055
-617
-483
-932
-1421
-1415
-2084
-3622
-1233
-535
-755
-1845
-1768
-1447
-1660
-950
-1387
-1111
-1168
-1226
-1209
-1248
-972
-1260
-1954
-1269
-365
-2222
-556
-556
-506
-1174
-920
-412
-633
-1409
-1457
-1623
-1367
-1169
-567
-1024
-1128
-1279
-382
-1152
-428
-339
-456
-591
-861
-343
-426
-766
-355
-636
-433
-424
-496
-527
-485
-1148
-433
-649
-492
-358
-964
-350
-610
-894
-463
-962
-467
-445
-401
-382
-340
-577
-471
-239
-389
-971
-199
-917
-482
-1161
-682
-713
-3219
-3010
-1660
-1889
-1991
-1569
-1855
-1618
-3571
-2096
-2006
-3409
-1589
-3949
-4915
-3645
-3868
-1262
-1772
-4097
-1325
-1182
-1283
-1241
-1361
-1287
-1347
-1303
-1322
-1410
-536
-658
-798
-804
-773
-718
-1104
-767
-590
-495
-794
-2395
-513
-406
-612
-959
-414
-718
-640
-630
-3505
-730
-2950
-3079
-562
-704
-395
-843
-442
-1217
-1453
-3273
-1664
-3982
-1886
-424
-829
-740
-458
-502
-443
-593
-604
-3729
-582
-614
-466
-462
-363
-422
-459
-580
-475
-575
-709
-491
-718
-509
-3088
-1613
-1566
-1197
-1199
-877
-784
-2116
-934
-492
-617
-441
-469
-522
-472
-487
-447
-562
-529
-513
-536
-561
-467
-758
-462
-533
-653
-586
-388
-476
-516
-727
-1766
-1984
-1009
-2957
-3329
-823
-471
-1046
-2809
-629
-949
-1341
-577
-726
-969
-970
-397
-1499
-993
-480
-503
-612
-390
-581
-1876
-1485
-1220
-923
-1464
-1426
-1496
-1543
-1432
-1612
-2021
-1296
-1438
-1465
-1037
-3101
-1150
-1056
-993
-1040
-965
-1169
-1078
-1081
-1080
-1273
-2337
-1166
-824
-977
-919
-949
-512
-885
-972
-881
-1018
-836
-937
-1081
-3625
-1317
-1338
-1132
-1056
-546
-1184
-1006
-953
-3408
-3058
-3676
-2972
-3165
-3737
-3483
-3314
-3388
-1470
-1569
-3079
-2761
-2754
-3128
-1657
-1424
-1403
-2671
-1328
-3296
-1517
-1557
-2292
-1598
-3141
-2206
-3202
-2619
-282
-312
-2717
-236
-311
-817
-2796
-228
-1002
-1073
-1023
-1060
-1214
-2098
-1363
-1297
-1156
-1100
-919
-1013
-1060
-556
-3233
-2794
-3018
-1219
-3400
-4213
-326
-2764
-543
-2687
-2829
-2851
-2701
-350
-2487
-3095
-2878
-2690
-3477
-699
-390
-3042
-354
-2034
-2699
-2806
-3713
-730
-495
-2688
-2627
-2816
-2022
-1320
-838
-1404
-1013
-1125
-1147
-951
-903
-875
-856
-390
-407
-433
-325
-439
-627
-403
-354
-451
-427
-521
-436
-296
-496
-447
-446
-862
-508
-562
-632
-732
-614
-548
-265
-266
-422
-308
-502
-438
-342
-267
-335
-386
-332
-400
-277
-298
-399
-232
-394
-347
-322
-2318
-308
-1821
-467
-650
-311
-472
-762
-706
-742
-1390
-1561
-1439
-1138
-1160
-571
-889
-1096
-1026
-1291
-1755
-1730
-1483
-969
-516
-704
-3092
-729
-577
-519
-1342
-2688
-462
-770
-1589
-1467
-1803
-2659
-3265
-1576
-1387
-1188
-1209
-1216
-1226
-1232
-1248
-1080
-519
-818
-639
-646
-629
-470
-535
-249
-1307
-974
-1025
-929
-1107
-1062
-985
-1226
-1092
-885
-1671
-1069
-1503
-1180
-1145
-1349
-1199
-1283
-380
-2489
-445
-371
-392
-476
-513
-528
-457
-368
-535
-378
-386
-374
-890
-901
-642
-1010
-600
-988
-1256
-1286
-1256
-1369
-524
-584
-598
-676
-761
-687
-426
-391
-856
-1362
-952
-2922
-908
-583
-669
-533
-904
-961
-535
-852
-3000
-1368
-1145
-1031
-1581
-2861
-2568
-3054
-2740
-1089
-3034
-2738
-2732
-2765
-937
-1077
-977
-1690
-1169
-790
-1559
-1745
-1612
-1522
-1779
-1697
-1799
-1772
-1782
-1684
-2400
-1546
-2181
-1459
-833
-318
-390
-874
-682
-898
-741
-443
-1096
-754
-299
-434
-286
-611
-802
-378
-537
-356
-359
-607
-974
-407
-697
-650
-471
-1138
-1114
-1004
-1200
-633
-658
-430
-868
-945
-816
-1611
-1339
-1350
-1242
-1764
-1493
-1927
-1738
-971
-673
-606
-810
-1022
-625
-1001
-1416
-1381
-1302
-1271
-1663
-1565
-1274
-1579
-1241
-1335
-1262
-2032
-1231
-1272
-1477
-1675
-1543
-1365
-1402
-1341
-1573
-2065
-1166
-1209
-1211
-1219
-1355
-1445
-1522
-1478
-1160
-875
-1088
-941
-3118
-914
-790
-658
-882
-974
-983
-959
-962
-1162
-981
-1238
-1135
-1464
-1180
-1364
-2856
-1262
-1474
-489
-536
-609
-510
-594
-493
-506
-2029
-550
-660
-436
-570
-565
-620
-562
-844
-753
-525
-875
-618
-729
-725
-1137
-1203
-1260
-1225
-784
-2251
-995
-872
-944
-901
-1151
-1058
-1177
-1142
-904
-768
-668
-985
-1023
-1209
-1187
-1113
-1170
-489
-322
-433
-235
-494
-525
-442
-580
-461
-529
-463
-498
-1235
-1118
-1149
-1223
-605
-836
-939
-746
-859
-880
-730
-933
-748
-858
-494
-697
-1448
-1272
-1384
-1362
-407
-2139
-387
-537
-482
-548
-420
-450
-578
-435
-516
-837
-834
-783
-855
-2875
-2148
-1361
-771
-589
-769
-1277
-1753
-1350
-1684
-1434
-1090
-1137
-1139
-1206
-1363
-1079
-2115
-1967
-817
-535
-922
-430
-812
-791
-831
-677
-695
-818
-644
-781
-731
-1391
-812
-1322
-3622
-1206
-1023
-1073
-1190
-961
-822
-981
-1500
-918
-1666
-778
-895
-1615
-734
-1039
-1075
-1267
-948
-1646
-907
-3001
-409
-693
-1295
-963
-1349
-1676
-820
-1726
-1648
-2031
-1820
-1161
-1616
-959
-1656
-997
-1090
-1070
-1039
-863
-836
-961
-1020
-1768
-1294
-1552
-1892
-969
-2020
-1186
-1136
-719
-3003
-766
-1073
-1196
-1174
-1243
-1081
-1244
-1030
-972
-2196
-1786
-1621
-1672
-959
-1326
-925
-1725
-1618
-1598
-1530
-3569
-1465
-1620
-1399
-1114
-2950
-1482
-1838
-1383
-1411
-1427
-1532
-1784
-1491
-1584
-1067
-2716
-940
-1052
-2663
-3060
-1141
-3037
-1187
-1179
-1211
-1335
-1208
-1290
-1529
-1506
-1526
-1629
-313
-365
-812
-583
-1578
-597
-272
-448
-991
-974
-596
-811
-3104
-573
-982
-646
-429
-428
-625
-686
-520
-1156
-578
-511
-1324
-1224
-1157
-1210
-830
-662
-906
-896
-849
-1398
-1498
-1771
-1528
-1738
-1310
-1316
-1844
-253
-453
-525
-302
-409
-473
-415
-441
-621
-472
-425
-497
-575
-915
-863
-955
-879
-266
-3487
-658
-667
-2805
-610
-677
-303
-677
-775
-820
-587
-857
-522
-941
-3439
-973
-436
-700
-471
-3044
-780
-379
-700
-976
-857
-764
-830
-2176
-287
-3396
-1552
-605
-409
-560
-1378
-2640
-1452
-1348
-1405
-1255
-1381
-1214
-902
-1115
-1043
-1028
-1282
-1128
-1302
-1232
-937
-966
-938
-1176
-1080
-1000
-987
-973
-1314
-1273
-1235
-1406
-1482
-2973
-1166
-1625
-2203
-1730
-1541
-1422
-3649
-1471
-2615
-2098
-1726
-1166
-898
-437
-2795
-1377
-411
-1157
-670
-494
-2359
-803
-934
-867
-2029
-621
-827
-1070
-1281
-1120
-1100
-1049
-982
-2029
-1274
-1848
-1190
-1845
-1510
-1194
-1100
-1098
-991
-947
-959
-906
-505
-889
-1317
-1427
-1391
-1447
-1004
-865
-944
-953
-474
-609
-519
-678
-495
-458
-489
-572
-573
-490
-532
-418
-460
-543
-2070
-502
-629
-628
-480
-484
-429
-454
-469
-996
-1088
-991
-1033
-2449
-1296
-3338
-1703
-1445
-1353
-890
-1049
-1073
-1005
-1309
-1152
-1187
-1187
-1389
-1371
-1423
-1354
-1399
-1413
-1433
-1549
-1475
-1506
-1447
-1350
-616
-2347
-989
-615
-533
-2470
-3390
-1910
-1489
-2914
-1637
-2395
-1272
-2523
-910
-998
-854
-894
-850
-888
-872
-1244
-1391
-1342
-1266
-1219
-1358
-1252
-1526
-897
-954
-619
-460
-645
-1289
-993
-1024
-561
-492
-366
-603
-470
-767
-776
-602
-460
-772
-687
-879
-915
-1412
-1443
-1342
-1443
-934
-932
-983
-1083
-1125
-1267
-1296
-1167
-1043
-1176
-1098
-1165
-1330
-1347
-1396
-1139
-1231
-1811
-1416
-1724
-945
-1139
-1055
-1101
-1003
-953
-922
-1029
-692
-466
-448
-756
-1002
-711
-663
-764
-1085
-671
-861
-346
-1053
-500
-822
-557
-1142
-874
-1125
-1126
-2022
-1093
-1228
-1015
-1026
-1081
-1094
-1187
-1370
-987
-973
-1264
-530
-815
-467
-587
-583
-961
-329
-370
-1284
-1426
-1513
-1564
-1832
-1456
-1534
-1485
-1459
-571
-336
-351
-411
-803
-386
-366
-496
-499
-413
-331
-434
-534
-473
-433
-403
-468
-1148
-984
-1005
-1071
-793
-1108
-1192
-1040
-910
-836
-490
-483
-908
-814
-1000
-741
-1344
-1297
-1367
-1386
-1123
-1018
-1061
-1011
-736
-941
-881
-674
-646
-1024
-1200
-993
-897
-874
-478
-593
-338
-434
-385
-522
-411
-1309
-445
-716
-503
-355
-547
-685
-508
-715
-438
-2083
-816
-875
-870
-661
-992
-869
-920
-993
-1311
-1127
-887
-1601
-1340
-1128
-1114
-1187
-1172
-1333
-1360
-1211
-780
-832
-434
-346
-671
-555
-647
-488
-574
-731
-928
-364
-664
-687
-864
-824
-782
-864
-1503
-1327
-1438
-1420
-1275
-1216
-1998
-1765
-1014
-894
-888
-911
-1007
-1226
-1177
-1166
-1287
-1021
-830
-1057
-3206
-1680
-1330
-1314
-1052
-786
-333
-2606
-886
-657
-1006
-614
-1877
-999
-803
-2493
-1500
-1080
-783
-602
-825
-469
-625
-722
-976
-970
-1024
-906
-1208
-1369
-1773
-1358
-1094
-949
-1127
-1001
-806
-856
-859
-877
-1184
-1232
-1223
-1284
-801
-895
-847
-788
-353
-553
-764
-726
-608
-2088
-773
-562
-1149
-954
-534
-728
-1382
-700
-1611
-1724
-1508
-1518
-1448
-1902
-1360
-1350
-885
-902
-939
-866
-326
-741
-730
-655
-595
-413
-1315
-1358
-1381
-1356
-1367
-1500
-3180
-3703
-1412
-1490
-1311
-3546
-1532
-868
-890
-864
-2189
-777
-1075
-1015
-1074
-1009
-1309
-1522
-1140
-1034
-1095
-2773
-3856
-3490
-1206
-3006
-3466
-531
-605
-432
-386
-530
-404
-497
-533
-830
-830
-892
-941
-840
-736
-517
-828
-573
-2331
-1046
-890
-1025
-980
-1206
-818
-1021
-714
-806
-884
-860
-840
-744
-879
-1299
-1311
-1366
-1385
-432
-652
-297
-523
-292
-457
-352
-379
-370
-569
-1328
-1409
-1334
-1387
-898
-886
-852
-800
-1618
-1278
-1282
-1226
-1279
-1212
-1226
-1176
-1563
-3193
-3402
-2033
-1550
-1713
-894
-733
-860
-2800
-3306
-1061
-526
-4577
-1291
-3176
-4824
-1258
-780
-857
-1157
-3009
-1269
-640
-764
-775
-761
-813
-1115
-1171
-1054
-1134
-1340
-1401
-1299
-1288
-1181
-1093
-1201
-1163
-961
-1089
-1072
-969
-874
-905
-1026
-986
-314
-533
-1199
-359
-336
-346
-383
-336
-439
-334
-289
-358
-318
-351
-346
-445
-448
-361
-962
-517
-541
-1210
-1220
-1324
-1429
-1304
-744
-618
-710
-359
-742
-666
-1106
-993
-1030
-924
-868
-931
-837
-883
-1134
-969
-991
-1100
-973
-920
-869
-974
-768
-160
-223
-808
-811
-850
-897
-849
-810
-817
-1070
-1160
-1074
-1137
-813
-806
-825
-827
-1080
-1254
-1345
-1173
-952
-899
-997
-1083
