-2036
-2114
-2159
-2678
-2017
-2182
-2406
-3112
-2188
-2365
-2057
-2001
-2575
-3398
-2090
-2176
-2087
-2912
-3473
-3371
-2153
-4183
-2672
-3100
-2660
-2047
-2109
-4559
-3750
-2045
-2573
-3249
-2068
-2113
-2046
-5573
-2041
-3100
-3454
-4408
-2125
-2063
-2057
-3055
-2126
-3023
-2061
-2109
-3254
-3624
-1925
-2568
-2177
-3619
-2110
-3408
-2782
-2087
-4871
-2402
-1252
-1184
-472
-2069
-998
-913
-2262
-1652
-2769
-2156
-2146
-3955
-3386
-2155
-3995
-3228
-2052
-1419
-3439
-3848
-3317
-1636
-3668
-1877
-2048
-2032
-3488
-3696
-3517
-3829
-3575
-3420
-4441
-3894
-4607
-4521
-3277
-2886
-4034
-2919
-3367
-4582
-3301
-3055
-3044
-3108
-2655
-2706
-3396
-3253
-3057
-3089
-3224
-2972
-3168
-3076
-724
-3155
-3032
-4399
-3909
-3751
-3101
-2986
-2033
-4924
-2066
-4382
-4815
-4675
-3881
-5167
-3178
-4518
-3048
-4911
-4218
-4377
-3280
-4572
-5061
-4556
-2065
-4401
-4468
-2812
-1152
-4750
-2036
-4441
-2049
-2369
-3667
-4442
-4038
-4538
-4066
-1555
-1835
-3730
-2962
-1981
-1588
-1538
-3524
-2268
-1758
-1650
-3942
-4115
-3952
-4269
-4805
-5637
-4747
-2682
-1439
-2808
-757
-739
-808
-1490
-3369
-2572
-2491
-1350
-3241
-2609
-1501
-2010
-3032
-2552
-1970
-2999
-2986
-2566
-2303
-2912
-1861
-2037
-1918
-2760
-2437
-1499
-805
-1329
-2905
-3738
-2363
-3617
-3928
-2440
-4268
-1244
-3608
-3521
-1412
-1364
-1648
-1218
-409
-868
-1080
-1713
-1205
-3908
-3686
-3728
-3831
-2790
-4088
-1769
-4138
-1487
-1797
-1283
-1968
-1400
-2065
-1510
-1624
-2412
-3712
-1635
-2927
-2039
-1263
-1533
-1556
-2885
-1120
-1198
-1093
-1020
-2843
-1103
-2217
-2549
-2069
-1273
-1784
-2764
-2025
-1808
-1111
-1084
-1345
-1064
-1554
-952
-1091
-980
-1848
-1457
-1414
-1765
-745
-1210
-1034
-1052
-962
-1395
-1203
-1021
-1958
-1251
-2668
-956
-852
-2250
-1312
-1169
-359
-1677
-980
-1507
-1311
-2134
-5033
-1637
-1640
-1337
-3912
-3286
-1142
-1668
-1533
-856
-3102
-1118
-2860
-1139
-2786
-1085
-851
-805
-2495
-2744
-681
-430
-885
-2602
-607
-418
-283
-513
-347
-558
-675
-365
-421
-614
-422
-548
-371
-1526
-1770
-1764
-1797
-1179
-1082
-1105
-1158
-1481
-1641
-3377
-1705
-1562
-2608
-2821
-2920
-1079
-2740
-2669
-1209
-1170
-1083
-1171
-1452
-1392
-1549
-1585
-1639
-1465
-1635
-2423
-1751
-1010
-1296
-2581
-1141
-1182
-1349
-1483
-1412
-1379
-1267
-1308
-1389
-1487
-445
-1040
-785
-995
-316
-950
-284
-334
-337
-386
-292
-607
-618
-605
-782
-472
-226
-417
-526
-225
-916
-147
-197
-283
-830
-161
-286
-867
-936
-336
-1494
-918
-976
-410
-290
-1358
-1060
-1195
-1117
-1214
-1114
-1115
-1164
-991
-998
-1203
-1037
-949
-2462
-967
-1062
-2078
-1830
-1846
-1752
-1534
-1814
-1381
-1308
-964
-1022
-989
-1611
-1211
-1170
-1385
-1423
-511
-890
-876
-299
-819
-935
-1209
-1321
-1344
-1235
-1175
-1097
-930
-1154
-1064
-1022
-1217
-1083
-1470
-1159
-1169
-1186
-1322
-1343
-1259
-1195
-988
-867
-2913
-969
-900
-175
-338
-894
-2267
-560
-341
-1025
-980
-1354
-1340
-1387
-1588
-626
-1032
-902
-735
-840
-891
-675
-832
-951
-1114
-1109
-1394
-1199
-1207
-425
-534
-774
-870
-466
-803
-470
-564
-126
-293
-249
-958
-514
-586
-951
-840
-1022
-459
-2189
-1232
-1238
-1098
-1042
-950
-806
-1062
-1014
-1339
-1230
-1415
-1190
-1077
-1115
-1113
-1398
-1243
-1161
-898
-962
-921
-767
-1246
-1504
-1188
-1284
-691
-746
-713
-474
-625
-933
-820
-505
-837
-783
-1055
-1101
-1226
-1019
-795
-1390
-1008
-1007
-1061
-1135
-1133
-1049
-2145
-324
-871
-451
-1057
-757
-2256
-878
-1076
-935
-925
-331
-512
-627
-774
-373
-483
-782
-1023
-801
-865
-873
-2076
-1475
-1475
-1404
-1276
-1114
-1197
-1084
-3038
-831
-1061
-973
-793
-1091
-1139
-1261
-1122
-346
-529
-295
-527
-309
-616
-481
-322
-729
-350
-320
-681
-1283
-1315
-1560
-1434
-1315
-1369
-1478
-1507
-275
-171
-157
-306
-180
-369
-325
-409
-312
-271
-309
-166
-297
-210
-338
-225
-184
-181
-126
-167
-217
-224
-341
-313
-183
-529
-241
-304
-206
-198
-608
-324
-256
-338
-432
-239
-395
-783
-857
-835
-1014
-739
-1125
-704
-986
-926
-1139
-844
-931
-422
-2025
-251
-176
-144
-187
-205
-159
-143
-317
-248
-199
-757
-292
-143
-170
-371
-184
-1353
-1508
-2794
-1310
-866
-1173
-820
-855
-1088
-1180
-3018
-2046
-852
-203
-87
-393
-177
-196
-228
-315
-387
-251
-163
-168
-273
-2142
-476
-229
-335
-175
-176
-192
-257
-201
-308
-229
-1516
-897
-895
-969
-1213
-1257
-1291
-1420
-150
-247
-633
-388
-201
-200
-295
-392
-749
-297
-256
-367
-826
-579
-882
-954
-711
-399
-787
-561
-621
-399
-416
-364
-404
-282
-281
-396
-380
-396
-961
-908
-509
-435
-346
-960
-350
-384
-754
-547
-2027
-449
-483
-974
-290
-1259
-1085
-697
-418
-595
-1142
-635
-134
-247
-308
-123
-265
-197
-168
-195
-281
-199
-193
-306
-142
-245
-229
-212
-113
-163
-256
-182
-702
-1325
-1062
-1216
-1265
-233
-278
-993
-509
-231
-231
-521
-230
-184
-338
-354
-1018
-224
-1171
-1257
-1242
-1426
-1160
-1448
-1511
-1229
-658
-801
-526
-506
-786
-904
-361
-904
-726
-706
-835
-831
-2029
-885
-836
-957
-510
-2573
-2763
-2606
-410
-451
-404
-310
-273
-752
-859
-2037
-2084
-2733
-888
-845
-889
-775
-811
-833
-819
-975
-879
-835
-900
-950
-626
-551
-395
-1337
-387
-576
-751
-449
-397
-261
-408
-1408
-1386
-1468
-1412
-921
-878
-1123
-989
-1154
-904
-997
-998
-1042
-949
-912
-937
-1533
-1357
-1532
-2095
-1434
-771
-783
-995
-773
-247
-669
-646
-325
-947
-298
-412
-325
-719
-644
-873
-862
-734
-725
-884
-929
-954
-771
-1031
-970
-976
-1016
-1351
-1409
-1442
-1411
-2448
-2436
-2662
-2345
-2691
-2623
-2311
-699
-459
-2429
-2479
-2947
-2976
-2489
-2654
-2776
-2739
-2705
-515
-715
-471
-376
-386
-748
-389
-601
-606
-719
-456
-480
-585
-279
-388
-484
-468
-393
-393
-556
-433
-265
-433
-258
-324
-363
-729
-671
-864
-751
-811
-784
-1375
-600
-665
-577
-636
-1153
-650
-757
-766
-257
-203
-1016
-269
-210
-386
-197
-262
-129
-166
-206
-155
-152
-217
-153
-187
-168
-137
-230
-195
-459
-469
-243
-350
-364
-369
-373
-205
-572
-668
-386
-677
-358
-546
-154
-170
-485
-284
-324
-1007
-232
-1076
-829
-1066
-1063
-1580
-1472
-1902
-1712
-212
-1010
-686
-524
-254
-919
-954
-1792
-1495
-1453
-1728
-787
-789
-754
-893
-964
-844
-1007
-885
-212
-178
-638
-204
-164
-458
-314
-213
-181
-138
-220
-152
-196
-417
-185
-597
-783
-253
-664
-826
-1009
-1080
-1073
-424
-199
-399
-460
-664
-514
-810
-440
-894
-1162
-925
-926
-903
-921
-1048
-929
-1158
-1113
-1127
-1144
-242
-519
-715
-145
-202
-307
-274
-206
-582
-248
-848
-987
-967
-1358
-852
-935
-917
-938
-1142
-1187
-1377
-1150
-267
-199
-185
-217
-343
-332
-168
-183
-325
-306
-182
-201
-233
-173
-173
-263
-193
-210
-174
-186
-203
-171
-345
-198
-277
-208
-215
-147
-193
-227
-192
-284
-197
-239
-216
-296
-188
-272
-271
-205
-152
-173
-758
-965
-855
-752
-1254
-1339
-1375
-1307
-656
-402
-944
-603
-758
-274
-89
-105
-222
-191
-237
-90
-144
-162
-204
-163
-104
-281
-191
-198
-109
-100
-142
-168
-142
-100
-341
-188
-114
-163
-204
-124
-111
-1109
-1339
-856
-944
-772
-2419
-835
-462
-346
-442
-647
-836
-778
-992
-842
-175
-172
-142
-158
-173
-241
-228
-137
-138
-144
-126
-196
-115
-232
-112
-162
-465
-284
-166
-147
-136
-172
-140
-108
-178
-149
-133
-115
-188
-176
-112
-219
-194
-217
-333
-118
-124
-390
-152
-133
-219
-223
-193
-668
-678
-888
-807
-901
-771
-1665
-1387
-1802
-2026
-632
-726
-748
-748
-710
-894
-945
-880
-1049
-190
-282
-228
-196
-339
-273
-259
-425
-655
-432
-363
-197
-210
-181
-184
-366
-249
-180
-248
-168
-141
-248
-175
-433
-313
-251
-849
-1002
-1108
-1452
-981
-689
-361
-819
-516
-749
-835
-673
-806
-645
-603
-663
-693
-297
-580
-586
-1116
-561
-1194
-1655
-1145
-1215
-805
-422
-418
-520
-242
-369
-315
-317
-498
-2547
-394
-1065
-912
-1021
-964
-743
-506
-375
-650
-851
-844
-287
-908
-670
-735
-304
-157
-699
-725
-614
-586
-672
-593
-627
-675
-641
-815
-1648
-924
-869
-1006
-1565
-1053
-1055
-637
-509
-541
-573
-689
-633
-753
-795
-130
-287
-226
-158
-122
-110
-123
-159
-163
-98
-170
-120
-156
-148
-132
-234
-153
-284
-126
-205
-157
-113
-148
-121
-128
-181
-123
-101
-202
-145
-162
-158
-159
-167
-144
-181
-123
-176
-140
-235
-2019
-109
-127
-147
-219
-200
-134
-118
-142
-167
-318
-149
-147
-136
-187
-147
-167
-167
-106
-198
-106
-129
-137
-260
-3250
-1061
-2727
-2696
-2954
-3209
-934
-912
-2721
-971
-951
-599
-584
-878
-819
-1064
-931
-1012
-1117
-309
-302
-328
-399
-298
-492
-224
-350
-273
-842
-299
-786
-340
-286
-224
-456
-717
-472
-566
-342
-419
-80
-97
-94
-148
-108
-87
-99
-114
-78
-108
-148
-93
-78
-137
-75
-100
-106
-142
-114
-192
-111
-113
-102
-143
-76
-83
-191
-84
-100
-114
-174
-242
-98
-99
-103
-103
-88
-94
-70
-133
-610
-624
-687
-652
-742
-787
-827
-710
-852
-996
-804
-927
-1074
-921
-1177
-957
-386
-220
-148
-179
-427
-183
-243
-183
-220
-163
-146
-171
-178
-203
-427
-901
-947
-1131
-798
-789
-1023
-1173
-943
-1479
-1207
-1161
-948
-549
-643
-816
-608
-417
-786
-984
-1039
-1087
-732
-717
-827
-750
-387
-632
-1112
-1241
-1586
-1380
-1250
-1703
-1303
-1163
-260
-364
-481
-212
-526
-516
-1421
-1243
-1567
-1538
-879
-833
-734
-705
-1179
-851
-956
-1004
-1323
-1156
-1109
-1245
-776
-1144
-2763
-1004
-907
-1573
-1503
-1517
-1276
-1064
-912
-1104
-2789
-1426
-597
-1129
-624
-1037
-822
-687
-740
-679
-742
-775
-610
-618
-481
-931
-861
-929
-779
-994
-1376
-1111
-951
-1317
-1191
-1329
-1183
-558
-508
-548
-473
-141
-134
-119
-199
-153
-121
-137
-137
-270
-169
-215
-165
-137
-371
-144
-192
-118
-117
-168
-213
-199
-190
-151
-155
-179
-173
-1266
-1239
-1259
-1231
-1247
-1121
-1514
-1121
-582
-719
-698
-697
-194
-475
-523
-232
-569
-473
-646
-595
-642
-629
-580
-471
-506
-282
-494
-2500
-2329
-2323
-2582
-2765
-698
-900
-916
-1274
-1127
-819
-292
-326
-371
-344
-264
-471
-519
-330
-400
-267
-487
-551
-340
-609
-470
-280
-383
-237
-503
-282
-214
-326
-414
-358
-144
-132
-372
-215
-284
-118
-193
-251
-181
-176
-172
-189
-142
-184
-194
-147
-230
-300
-177
-133
-198
-326
-236
-139
-114
-221
-211
-287
-115
-242
-215
-159
-121
-149
-1954
-113
-213
-240
-2264
-262
-178
-157
-1231
-1730
-1299
-1328
-610
-703
-969
-771
-716
-879
-928
-1180
-1023
-971
-1097
-1003
-800
-803
-1061
-848
-966
-886
-1046
-928
-227
-276
-609
-385
-369
-248
-272
-177
-369
-355
-353
-878
-646
-731
-709
-684
-723
-721
-714
-603
-584
-557
-623
-523
-686
-693
-659
-705
-536
-365
-935
-920
-755
-1049
-1075
-1355
-1270
-282
-404
-386
-247
-427
-215
-288
-260
-249
-289
-583
-445
-659
-752
-807
-842
-680
-597
-708
-512
-575
-707
-329
-313
-877
-786
-590
-513
-337
-292
-806
-559
-258
-255
-340
-253
-386
-428
-265
-637
-1074
-999
-719
-840
-809
-356
-731
-440
-568
-641
-816
-192
-165
-181
-253
-281
-251
-341
-254
-198
-374
-751
-266
-338
-173
-121
-151
-176
-252
-133
-136
-260
-268
-125
-134
-273
-227
-127
-942
-141
-180
-145
-229
-152
-286
-424
-910
-806
-878
-907
-870
-893
-1037
-881
-238
-269
-512
-520
-243
-384
-396
-514
-373
-272
-799
-551
-514
-363
-436
-311
-348
-373
-489
-371
-337
-718
-939
-1134
-885
-1006
-985
-978
-1063
-1163
-679
-573
-859
-654
-555
-508
-436
-256
-723
-598
-357
-325
-408
-335
-826
-405
-616
-308
-551
-481
-1275
-1165
-1322
-1273
-971
-1284
-999
-1015
-1253
-1404
-1125
-1505
-260
-410
-433
-396
-303
-409
-243
-327
-317
-231
-251
-242
-342
-388
-339
-214
-503
-297
-264
-561
-274
-397
-628
-350
-519
-426
-261
-406
-595
-578
-872
-603
-188
-516
-184
-195
-170
-163
-231
-209
-226
-214
-161
-199
-228
-247
-164
-307
-189
-205
-165
-201
-300
-262
-191
-327
-194
-190
-216
-224
-294
-277
-277
-210
-534
-271
-477
-208
-228
-228
-253
-225
-454
-435
-244
-466
-222
-187
-201
-327
-451
-162
-121
-97
-107
-154
-101
-85
-89
-139
-187
-160
-127
-116
-213
-165
-85
-131
-128
-155
-132
-166
-153
-111
-94
-148
-110
-87
-140
-115
-138
-134
-118
-109
-150
-146
-202
-155
-95
-115
-110
-131
-134
-158
-155
-206
-112
-121
-129
-155
-137
-145
-156
-153
-115
-189
-123
-288
-372
-284
-231
-274
-490
-320
-268
-254
-591
-1487
-1233
-969
-1118
-451
-310
-470
-690
-328
-305
-685
-399
-455
-1535
-1483
-1743
-1222
-739
-1058
-1004
-901
-549
-658
-722
-1177
-689
-584
-537
-676
-619
-532
-237
-572
-780
-720
-617
-671
-700
-726
-556
-554
-358
-502
-195
-2028
-216
-570
-246
-588
-248
-498
-646
-756
-717
-738
-231
-548
-305
-462
-437
-772
-671
-978
-1129
-965
-1053
-974
-1417
-975
-1310
-215
-247
-285
-658
-212
-267
-238
-179
-1266
-444
-1047
-1314
-997
-915
-1008
-1028
-1074
-1129
-971
-943
-1098
-740
-1167
-1329
-1992
-1746
-179
-149
-182
-97
-108
-155
-238
-168
-281
-368
-147
-149
-139
-101
-213
-379
-152
-139
-101
-164
-144
-326
-204
-321
-277
-159
-386
-132
-224
-328
-609
-491
-2015
-215
-485
-417
-244
-889
-1151
-1052
-1177
-1006
-966
-929
-1118
-1359
-1521
-1071
-1167
-948
-1296
-2020
-1593
-1851
-1708
-617
-1016
-761
-579
-257
-745
-1288
-1451
-1339
-1610
-952
-829
-848
-730
-1861
-1926
-2395
-1361
-1335
-1303
-997
-460
-533
-686
-835
-870
-970
-869
-852
-1263
-936
-611
-771
-1021
-1200
-1075
-1087
-669
-688
-649
-679
-1214
-992
-1148
-974
-1038
-688
-1057
-1289
-474
-561
-656
-605
-1131
-1128
-973
-1015
-777
-855
-770
-728
-635
-615
-577
-627
-511
-911
-920
-735
-726
-579
-787
-274
-323
-513
-241
-349
-638
-529
-477
-1482
-885
-890
-1294
-497
-872
-1045
-912
-1103
-1342
-1159
-1174
-594
-604
-813
-579
-535
-422
-404
-945
-471
-269
-495
-1691
-1563
-1499
-959
-521
-551
-628
-588
-488
-562
-208
-499
-472
-240
-676
-559
-439
-510
-506
-351
-599
-1158
-1116
-1047
-1391
-1203
-662
-1187
-585
-856
-898
-882
-766
-548
-614
-753
-656
-138
-150
-214
-141
-148
-118
-139
-167
-92
-116
-150
-144
-121
-124
-145
-119
-164
-203
-132
-109
-187
-172
-132
-212
-192
-131
-218
-184
-120
-128
-155
-144
-117
-149
-121
-150
-812
-928
-947
-809
-753
-917
-1287
-729
-604
-573
-572
-617
-152
-180
-158
-182
-252
-252
-171
-226
-189
-190
-302
-199
-220
-185
-244
-190
-198
-173
-216
-196
-214
-133
-195
-715
-735
-752
-690
-890
-935
-965
-884
-182
-180
-198
-272
-162
-133
-183
-154
-144
-160
-2122
-129
-142
-126
-131
-174
-133
-166
-165
-209
-217
-183
-191
-225
-144
-149
-146
-146
-131
-145
-194
-149
-503
-509
-588
-2034
-703
-437
-456
-385
-450
-420
-440
-471
-495
-1053
-1087
-946
-1014
-257
-430
-360
-310
-889
-413
-559
-415
-248
-472
-630
-628
-546
-639
-486
-553
-288
-436
-478
-745
-722
-878
-672
-869
-787
-744
-1476
-842
-1100
-1007
-953
-499
-1216
-532
-1115
-190
-333
-377
-278
-314
-257
-431
-223
-285
-930
-889
-1058
-1005
-610
-649
-722
-646
-940
-669
-529
-774
-781
-922
-1256
-1152
-1191
-1228
-594
-844
-489
-724
-637
-1484
-1656
-1391
-1410
-1409
-1286
-1645
-1267
-653
-899
-746
-729
-659
-1036
-878
-655
-851
-784
-876
-921
-1029
-1075
-2694
-874
-1094
-1067
-1216
-1222
-1403
-197
-336
-555
-227
-321
-299
-409
-501
