-2915
-3584
-5608
-4084
-2378
-2595
-2162
-3769
-2429
-4295
-2233
-4719
-5348
-2167
-4790
-2239
-2142
-4067
-2219
-2444
-2253
-4930
-2214
-2225
-3569
-3633
-3515
-4423
-3602
-2198
-3223
-2126
-4761
-2033
-2107
-3850
-2068
-4843
-2817
-2661
-2992
-3883
-2920
-3204
-1358
-4558
-2328
-3976
-3912
-2314
-4865
-3615
-3297
-2650
-3077
-564
-4437
-3662
-3061
-2758
-1020
-1260
-1277
-945
-3416
-4787
-3381
-3815
-989
-3942
-691
-846
-3787
-3648
-2069
-3962
-560
-2922
-605
-2657
-3043
-1416
-1630
-1156
-3811
-2131
-1810
-2115
-2135
-2897
-1463
-2542
-1423
-2650
-3868
-3389
-2741
-2133
-1686
-3643
-1986
-1652
-2726
-2086
-3519
-1619
-2069
-1269
-1374
-1270
-2043
-2247
-4404
-1878
-2144
-2205
-2109
-1957
-2183
-4549
-1428
-2213
-531
-941
-3139
-2134
-1230
-2163
-2202
-2039
-1331
-3106
-3458
-1131
-2738
-1194
-3893
-1311
-3170
-3960
-2411
-4385
-2182
-939
-2182
-1583
-2554
-929
-1726
-710
-784
-1197
-3786
-4581
-1233
-3137
-1382
-1531
-1145
-883
-1158
-2327
-3178
-1943
-1526
-3210
-3148
-1206
-1892
-1195
-1444
-1022
-3040
-1148
-825
-492
-540
-2309
-1476
-1159
-1041
-1626
-1269
-1042
-1690
-1254
-1647
-1077
-1274
-215
-2126
-352
-286
-738
-328
-301
-304
-420
-659
-372
-377
-363
-201
-790
-400
-925
-2596
-750
-746
-899
-1247
-915
-1072
-583
-302
-577
-819
-516
-747
-496
-310
-770
-426
-435
-595
-371
-764
-509
-282
-469
-564
-447
-717
-1350
-1329
-1478
-1276
-1259
-1678
-1364
-1440
-1174
-1253
-1040
-1099
-969
-1077
-1035
-1020
-3093
-835
-242
-942
-566
-407
-765
-1026
-1113
-1092
-1184
-1390
-1322
-1465
-1677
-907
-790
-822
-910
-1658
-1619
-1549
-1388
-1038
-848
-868
-807
-760
-857
-739
-969
-477
-263
-552
-438
-694
-236
-495
-416
-379
-223
-341
-770
-834
-170
-971
-673
-807
-946
-884
-858
-1363
-1224
-1135
-1345
-1025
-913
-834
-913
-1540
-1186
-1268
-1293
-778
-1091
-902
-919
-948
-771
-1161
-833
-953
-840
-448
-454
-199
-791
-434
-825
-370
-1075
-709
-737
-508
-785
-679
-371
-331
-436
-684
-789
-329
-1279
-1350
-1223
-1139
-888
-565
-879
-960
-909
-809
-698
-873
-1581
-909
-865
-1060
-849
-1035
-924
-881
-634
-918
-757
-1504
-1169
-1243
-1162
-807
-913
-896
-1010
-1207
-1347
-1344
-1419
-874
-940
-1032
-937
-1338
-1202
-1676
-1335
-1307
-1284
-1339
-1241
-686
-500
-347
-391
-810
-987
-1196
-1233
-1104
-1572
-247
-596
-241
-618
-208
-418
-621
-815
-1333
-1409
-1109
-1078
-684
-831
-665
-450
-969
-269
-404
-1378
-230
-168
-510
-267
-251
-414
-180
-716
-679
-1382
-2213
-3261
-1185
-1241
-633
-2565
-726
-671
-701
-1053
-1323
-1646
-1552
-1416
-1022
-1668
-1268
-2822
-961
-1327
-1045
-1013
-717
-762
-654
-636
-702
-826
-708
-903
-809
-1001
-943
-1014
-1080
-729
-615
-764
-342
-820
-782
-2636
-894
-969
-2793
-865
-2491
-267
-2337
-262
-213
-279
-251
-174
-2329
-2293
-2349
-2439
-317
-2477
-744
-659
-345
-217
-173
-475
-338
-184
-2420
-242
-646
-905
-707
-695
-3050
-978
-1242
-1083
-1016
-1328
-1062
-1213
-1057
-697
-671
-833
-827
-908
-863
-888
-854
-954
-1170
-1535
-1203
-987
-1074
-1119
-1142
-1054
-895
-836
-940
-1342
-1430
-1416
-1489
-1460
-1579
-1860
-1706
-1002
-819
-938
-952
-691
-326
-632
-679
-324
-446
-996
-1073
-1161
-1242
-1476
-1286
-1145
-1549
-1082
-984
-936
-1096
-1001
-1043
-1135
-1272
-1087
-929
-1063
-1005
-943
-973
-960
-921
-1073
-1128
-1175
-1075
-368
-514
-397
-391
-680
-372
-2440
-317
-313
-550
-581
-442
-490
-555
-423
-600
-1081
-1210
-1194
-1086
-750
-523
-662
-759
-624
-648
-595
-453
-826
-936
-672
-863
-694
-696
-784
-691
-781
-596
-588
-745
-794
-453
-582
-481
-188
-205
-299
-549
-672
-172
-238
-152
-2558
-640
-519
-434
-358
-486
-417
-339
-560
-492
-609
-2385
-287
-406
-528
-683
-2466
-397
-2400
-2847
-2695
-2528
-2625
-4595
-2622
-4557
-290
-2308
-195
-857
-373
-354
-2358
-405
-289
-2351
-429
-310
-718
-533
-757
-458
-487
-633
-1357
-1298
-1397
-1242
-635
-614
-712
-424
-505
-641
-954
-886
-1089
-1247
-1166
-1357
-1099
-972
-694
-820
-717
-2429
-867
-891
-1080
-3231
-1591
-680
-703
-913
-854
-858
-1431
-322
-717
-626
-698
-3134
-1067
-1040
-1038
-861
-765
-881
-714
-825
-833
-930
-915
-781
-308
-2567
-187
-170
-174
-256
-171
-204
-370
-150
-203
-2469
-631
-285
-195
-670
-153
-660
-206
-193
-615
-141
-464
-1270
-1277
-1147
-1155
-1159
-1079
-1094
-2634
-1267
-945
-721
-891
-423
-700
-654
-863
-792
-570
-900
-938
-935
-893
-893
-537
-772
-758
-862
-801
-1226
-974
-1199
-1019
-921
-911
-980
-1048
-676
-699
-517
-749
-754
-808
-768
-714
-890
-214
-2394
-801
-2716
-2923
-894
-2585
-2598
-2358
-2519
-3067
-2481
-2683
-2338
-1277
-3170
-2636
-2431
-2857
-931
-1428
-1068
-945
-1051
-196
-238
-191
-790
-165
-738
-174
-755
-134
-825
-631
-637
-622
-617
-1256
-1133
-1180
-1222
-1308
-1056
-1049
-1145
-929
-1003
-1131
-989
-1692
-1489
-1425
-1161
-925
-787
-910
-767
-941
-960
-1126
-933
-856
-861
-939
-836
-737
-2595
-2395
-2643
-453
-2601
-2268
-756
-2406
-2692
-387
-655
-2627
-370
-718
-699
-687
-641
-808
-901
-851
-956
-1032
-989
-1023
-995
-897
-842
-1000
-1015
-755
-700
-2364
-2453
-1448
-877
-892
-732
-727
-680
-1085
-1007
-1105
-1237
-161
-757
-748
-801
-791
-809
-866
-771
-746
-1158
-1508
-1364
-1323
-855
-840
-958
-821
-714
-641
-695
-701
-1087
-964
-1102
-1063
-3815
-995
-1099
-1074
-916
-881
-949
-988
-1375
-2765
-1131
-1198
-1316
-1124
-1292
-1353
-1368
-1466
-1168
-1458
-1256
-896
-934
-900
-895
-1140
-1035
-1051
-1040
-2523
-2749
-2533
-2329
-2435
-2491
-2593
-2667
-205
-2424
-127
-2415
-2308
-2398
-2451
-2246
-166
-199
-2484
-3368
-746
-2508
-629
-719
-222
-715
-627
-684
-728
-1143
-1222
-1172
-1183
-140
-1200
-169
-678
-614
-646
-870
-786
-840
-965
-848
-718
-728
-785
-258
-215
-412
-359
-629
-688
-771
-1060
-1132
-1082
-1041
-1276
-3195
-2246
-2899
-2623
-3384
-3207
-712
-2451
-2652
-2529
-2674
-706
-637
-695
-777
-1292
-1170
-1264
-1110
-1285
-1388
-1201
-1329
-937
-991
-868
-933
-865
-960
-2017
-935
-1147
-1366
-1134
-1360
-1008
-962
-939
-1090
-975
-1019
-981
-875
-1068
-1066
-3888
-2280
-1111
-865
-882
-918
-913
-795
-789
-897
-1049
-907
-928
-957
-771
-847
-997
-991
-940
-715
-754
-771
-802
-782
-941
-811
-1132
-928
-1184
-2961
-2281
-1463
-1371
-1606
-1081
-1090
-4003
-1121
-718
-840
-802
-743
-752
-1120
-3119
-1319
-1165
-1076
-850
-591
-670
-770
-470
-1297
-2920
-1121
-1135
-1278
-1192
-1076
-1069
-1069
-1016
-931
-892
-891
-800
-791
-825
-825
-739
-709
-2504
-766
-733
-735
-3897
-795
-813
-796
-1104
-1085
-971
-1034
-576
-644
-641
-481
-604
-1207
-1166
-1263
-1047
-690
-741
-678
-712
-1125
-1075
-1306
-1053
-1010
-3964
-2886
-846
-910
-934
-877
-957
-923
-2513
-2517
-2579
-584
-640
-961
-800
-1002
-2583
-985
-835
-811
-750
-905
-1263
-1265
-1290
-1406
-1218
-1209
-1221
-1269
-977
-933
-2739
-933
-915
-755
-722
-718
-725
-821
-718
-682
-810
-927
-1028
-3609
-1109
-1894
-1446
-1694
-1453
-1211
-1387
-1140
-1102
-626
-614
-558
-571
-505
-907
-861
-827
-2792
-812
-4212
-814
-793
-773
-655
-647
-696
-671
-811
-786
-805
-798
-1000
-1041
-915
-840
-798
-718
-776
-783
-1281
-1147
-1078
-1126
-1438
-1369
-1450
-1232
-993
-1005
-870
-979
-836
-784
-909
-870
-983
-914
-866
-914
-1330
-1209
-3447
-1164
-1220
-1259
-3277
-1211
-781
-788
-746
-743
-793
-794
-792
-819
-1042
-2677
-2946
-1279
-3140
-2991
-3050
-1237
-1756
-3292
-1447
-714
-807
-946
-746
-1167
-1083
-1136
-1099
-643
-2726
-719
-605
-900
-864
-835
-956
-1068
-993
-1134
-952
-1272
-1119
-1168
-1152
-893
-830
-739
-721
-616
-501
-530
-577
-666
-2619
-634
-767
-686
-683
-692
-809
-674
-691
-676
-597
-639
-1014
-967
-1046
-1130
-1250
-1063
-989
-1083
-545
-552
-472
-462
-985
-958
-942
-957
-859
-837
-855
-840
-1154
-1315
-1214
-1313
-1040
-986
-1001
-1055
-514
-444
-435
-507
-666
-3087
-645
-626
-614
-602
-538
-620
-1950
-471
-2527
-482
-465
-544
-579
-595
-617
-651
-674
-609
-3134
-1118
-980
-1026
-1022
-467
-513
-2137
-447
-509
-178
-571
-557
-203
-129
-636
-628
-889
-884
-961
-868
-726
-618
-574
-613
-550
-492
-2322
-2481
-2398
-258
-2979
-193
-262
-480
-139
-197
-200
-158
-444
-866
-800
-828
-981
-758
-723
-680
-802
-2749
-2549
-2590
-702
-797
-839
-779
-837
-936
-676
-592
-634
-616
-2928
-643
-682
-640
-2724
-206
-674
-170
-187
-225
-173
-232
-691
-674
-167
-172
-204
-891
-866
-154
-890
-868
-921
-977
-877
-804
-772
-674
-889
-839
-837
-816
-781
-786
-1009
-1035
-1078
-1050
-847
-946
-841
-853
-901
-851
-817
-849
-734
-675
-718
-819
-510
-540
-595
-544
-2251
-489
-2337
-2345
-537
-492
-218
-150
-221
-211
-221
-164
-162
-168
-145
-185
-397
-182
-244
-278
-167
-161
-156
-162
-259
-466
-167
-138
-177
-188
-471
-666
-617
-636
-596
-1223
-1136
-1146
-1260
-1306
-692
-700
-654
-805
-694
-847
-879
-242
-477
-300
-459
-475
-170
-228
-437
-729
-638
-579
-599
-937
-951
-1058
-987
-872
-817
-885
-886
-2740
-2557
-736
-798
-734
-154
-295
-138
-212
-158
-156
-208
-468
-254
-157
-257
-162
-175
-2684
-160
-119
-476
-758
-794
-760
-738
-702
-676
-750
-761
-716
-564
-590
-543
-714
-692
-634
-718
-654
-612
-674
-641
-183
-146
-427
-162
-178
-145
-160
-133
-167
-166
-168
-153
-159
-143
-146
-154
-132
-190
-162
-155
-166
-178
-174
-138
-2729
-118
-1986
-617
-593
-615
-562
-589
-516
-534
-541
-678
-743
-729
-796
-4407
-685
-697
-687
-182
-210
-148
-161
-448
-156
-130
-150
-130
-161
-421
-149
-235
-324
-334
-953
-993
-993
-1076
-2388
-2421
-136
-200
-271
-175
-139
-133
-216
-164
-478
-441
-1490
-629
-653
-577
-1186
-970
-1065
-961
-2722
-848
-2779
-818
-864
-2387
-562
-560
-504
-546
-897
-828
-985
-780
-512
-520
-197
-550
-505
-180
-151
-119
-158
-165
-280
-159
-144
-135
-145
-164
-160
-251
-494
-151
-135
-137
-141
-157
-527
-450
-589
-532
-554
-540
-580
-576
-580
-582
-173
-552
-560
-546
-572
-782
-845
-987
-793
-486
-568
-465
-477
-819
-849
-851
-872
-764
-790
-756
-777
-616
-689
-624
-618
-541
-744
-549
-554
-506
-609
-620
-591
-762
-768
-713
-751
-908
-982
-976
-950
-588
-626
-506
-545
-427
-408
-402
-421
-201
-136
-214
-160
-218
-405
-2992
-227
-205
-186
-140
-161
-479
-839
-705
-675
-844
-139
-148
-613
-197
-166
-155
-167
-344
-137
-133
-131
-173
-137
-280
-218
-212
-176
-119
-115
-187
-158
-137
-576
-573
-589
-542
-542
-572
-188
-593
-562
-154
-177
-119
-187
-164
-679
-719
-758
-681
-646
-1158
-1073
-1077
-1092
-1054
-1052
-1019
-1017
-579
-565
-603
-557
-581
-495
-522
-564
-691
-597
-651
-667
-832
-999
-860
-889
-813
-742
-781
-796
-127
-155
-521
-161
-153
-134
-167
-162
-128
-147
-176
-133
-136
-165
-162
-162
-274
-143
-193
-151
-171
-153
-110
-150
-122
-122
-229
-132
-152
-134
-480
-720
-698
-737
-748
-681
-638
-708
-711
-703
-708
-667
-692
-730
-757
-780
-762
-429
-528
-497
-447
-959
-921
-997
-911
-552
-448
-495
-433
-495
-432
-451
-461
-497
-511
-519
-606
-816
-841
-853
-829
-814
-2398
-796
-818
-829
-1012
-938
-989
-1037
-552
-567
-585
-588
-638
-538
-526
-495
-597
-644
-617
-672
-527
-511
-513
-524
-859
-889
-856
-953
-1078
-1125
-1170
-1218
-776
-699
-727
-717
-110
-119
-138
-500
-172
-117
-153
-171
-437
-129
-495
-464
-730
-844
-709
-765
-2240
-2388
-2249
-2241
-2241
-2283
-2291
-2255
-2293
-2257
-2241
-2263
-3457
-143
-198
-191
-157
-163
-340
-148
-2227
-2398
-191
-2234
-150
-2240
-186
-129
-2305
-515
-501
-2431
-468
-2426
-479
-469
-510
-525
-677
-740
-679
-699
-769
-711
-668
-692
-785
-749
-813
-731
-853
-776
-1007
-787
-813
-779
-835
-805
-725
-750
-2323
-861
-2335
-793
-606
-739
-638
-672
-168
-215
-156
-132
-559
-123
-164
-125
-200
-153
-178
-158
-156
-130
-158
-407
-144
-133
-123
-148
-139
-442
-869
-875
-880
-930
-617
-608
-607
-653
-406
-420
-504
-2374
-384
-922
-882
-903
-875
-161
-197
-183
-152
-237
-167
-151
-197
-187
-155
-164
-134
-154
-137
-116
-129
-263
-184
-172
-129
-158
-154
-460
-176
-133
-158
-159
-210
-538
-544
-2398
-552
-490
-515
-437
-479
-492
-529
-591
-620
-622
-615
-725
-712
-1024
-671
