-2121
-2022
-2135
-2382
-2922
-2066
-2139
-2096
-2560
-3137
-2247
-2934
-2169
-2465
-2088
-2562
-2074
-2944
-2137
-2044
-2030
-2581
-2340
-3368
-2149
-3784
-2028
-3764
-2390
-1988
-1917
-2097
-3364
-2948
-2049
-3679
-3080
-2057
-2316
-2200
-2060
-3494
-2773
-1543
-2036
-2184
-3167
-1774
-2084
-1975
-1369
-1374
-2584
-2400
-2350
-2435
-2207
-2503
-1806
-3616
-1779
-1566
-2858
-1101
-2815
-2498
-2447
-2069
-1004
-1681
-2213
-734
-1203
-1484
-943
-781
-968
-1457
-1439
-1092
-1928
-2010
-1446
-903
-2056
-562
-923
-1036
-551
-713
-2704
-2531
-912
-2240
-2544
-2773
-761
-2052
-3203
-1978
-1470
-1402
-1691
-1562
-939
-1095
-1459
-1581
-1252
-1039
-245
-884
-510
-938
-1664
-993
-1995
-1125
-1070
-1037
-1069
-993
-1201
-425
-1074
-961
-789
-795
-860
-746
-577
-1228
-802
-998
-1359
-1014
-1984
-1018
-979
-1008
-1102
-2393
-2543
-1019
-2040
-935
-1033
-600
-989
-2691
-578
-1173
-497
-2043
-2634
-2553
-1100
-1555
-1135
-1689
-378
-801
-1066
-499
-357
-472
-1075
-765
-2908
-983
-1081
-874
-947
-898
-825
-640
-252
-2588
-831
-781
-2024
-247
-1075
-1000
-2413
-1016
-968
-482
-2659
-2845
-1975
-1035
-1881
-2818
-366
-706
-248
-521
-2392
-628
-1115
-318
-261
-180
-2823
-1000
-2825
-2054
-1114
-1056
-2023
-1094
-866
-708
-1377
-556
-1386
-665
-355
-551
-795
-393
-786
-587
-894
-250
-1318
-905
-402
-417
-284
-373
-498
-495
-548
-2015
-140
-407
-194
-301
-431
-193
-202
-280
-373
-315
-185
-318
-262
-253
-312
-451
-501
-517
-741
-652
-483
-741
-901
-1585
-995
-753
-786
-1175
-1195
-984
-1083
-1088
-867
-933
-908
-934
-793
-1181
-780
-611
-711
-869
-1027
-1055
-943
-859
-763
-858
-1275
-895
-995
-801
-177
-737
-829
-683
-209
-608
-723
-955
-814
-905
-627
-1304
-586
-785
-460
-787
-417
-255
-290
-467
-848
-790
-1050
-593
-657
-849
-1164
-881
-716
-1009
-434
-510
-860
-1204
-439
-527
-350
-375
-403
-411
-2502
-481
-256
-342
-349
-499
-717
-699
-1058
-804
-659
-415
-309
-764
-685
-635
-296
-701
-156
-134
-474
-455
-374
-386
-384
-378
-273
-304
-497
-461
-518
-434
-310
-172
-423
-367
-202
-282
-203
-199
-199
-262
-317
-161
-172
-220
-344
-352
-476
-432
-362
-964
-720
-728
-666
-689
-488
-386
-228
-203
-477
-291
-270
-161
-140
-385
-430
-497
-498
-636
-503
-648
-625
-805
-911
-708
-736
-715
-848
-701
-816
-431
-372
-871
-406
-538
-665
-766
-443
-533
-464
-704
-554
-794
-695
-585
-566
-579
-592
-470
-681
-409
-546
-1703
-535
-473
-165
-141
-324
-220
-598
-143
-310
-315
-531
-511
-412
-451
-524
-443
-551
-510
-515
-476
-552
-473
-483
-390
-530
-417
-415
-338
-470
-350
-649
-340
-163
-185
-148
-169
-177
-262
-282
-259
-164
-162
-615
-163
-437
-603
-483
-630
-497
-854
-416
-417
-436
-711
-668
-738
-899
-895
-904
-966
-534
-527
-446
-533
-794
-505
-536
-665
-580
-630
-517
-411
-556
-536
-361
-1028
-647
-750
-647
-1044
-481
-638
-526
-548
-582
-582
-630
-461
-476
-423
-695
-686
-489
-2852
-495
-551
-565
-588
-597
-1108
-1044
-1023
-689
-617
-1210
-683
-183
-184
-137
-269
-264
-198
-221
-314
-487
-168
-147
-204
-471
-363
-455
-431
-463
-1073
-623
-570
-647
-602
-411
-438
-368
-705
-420
-283
-337
-246
-368
-96
-385
-342
-239
-188
-165
-224
-520
-428
-615
-966
-2496
-721
-251
-195
-254
-259
-307
-240
-229
-253
-379
-369
-168
-241
-191
-654
-635
-504
-575
-551
-600
-544
-583
-631
-616
-571
-614
-2677
-597
-678
-703
-611
-599
-483
-476
-460
-231
-174
-230
-199
-200
-135
-161
-227
-316
-144
-203
-109
-228
-423
-431
-417
-497
-401
-472
-516
-268
-448
-460
-270
-372
-187
-1187
-645
-756
-711
-732
-847
-669
-212
-601
-673
-409
-610
-881
-883
-856
-1085
-768
-990
-774
-689
-978
-1246
-449
-417
-398
-621
-440
-726
-902
-791
-931
-699
-517
-611
-597
-570
-559
-705
-707
-675
-739
-779
-699
-435
-537
-722
-429
-1143
-910
-947
-927
-1920
-1031
-1572
-831
-1052
-1101
-634
-560
-698
-593
-409
-1426
-827
-738
-1048
-805
-790
-211
-430
-429
-395
-360
-239
-397
-348
-264
-465
-147
-876
-900
-960
-2628
-2939
-845
-605
-2770
-817
-594
-559
-735
-674
-815
-644
-527
-508
-289
-502
-529
-521
-630
-605
-666
-606
-636
-545
-680
-522
-656
-508
-546
-473
-2593
-887
-729
-2022
-1064
-766
-725
-881
-917
-734
-1930
-733
-653
-586
-702
-625
-572
-170
-422
-223
-438
-271
-496
-637
-547
-789
-1065
-782
-750
-786
-313
-355
-389
-308
-440
-453
-406
-261
-490
-563
-986
-450
-342
-464
-202
-441
-203
-284
-126
-412
-275
-1290
-671
-1276
-638
-787
-837
-677
-588
-561
-678
-505
-550
-1630
-951
-725
-684
-721
-743
-613
-267
-402
-182
-228
-357
-265
-277
-299
-832
-955
-935
-852
-843
-391
-205
-575
-562
-650
-414
-500
-2866
-1140
-1949
-2010
-408
-915
-826
-913
-1144
-998
-810
-568
-574
-535
-485
-791
-451
-466
-460
-658
-688
-796
-823
-939
-787
-746
-645
-1546
-673
-650
-874
-421
-382
-3550
-379
-449
-451
-371
-530
-356
-352
-764
-654
-736
-779
-660
-696
-597
-566
-542
-559
-544
-765
-702
-723
-818
-789
-361
-432
-2441
-404
-375
-436
-357
-545
-364
-369
-400
-214
-121
-1361
-210
-306
-919
-257
-308
-232
-498
-422
-690
-464
-564
-623
-653
-606
-627
-668
-377
-392
-388
-379
-402
-458
-434
-654
-602
-888
-605
-569
-570
-507
-466
-396
-403
-686
-408
-381
-385
-582
-1566
-775
-368
-458
-899
-953
-1039
-496
-359
-377
-399
-365
-397
-152
-200
-172
-1332
-124
-116
-262
-447
-277
-495
-112
-95
-164
-105
-594
-1244
-474
-546
-642
-352
-393
-246
-472
-343
-282
-136
-547
-617
-651
-610
-589
-419
-611
-445
-454
-513
-199
-113
-365
-616
-1049
-286
-364
-1382
-609
-551
-576
-1021
-974
-694
-738
-672
-672
-622
-251
-156
-176
-200
-201
-283
-185
-252
-149
-283
-385
-360
-304
-177
-451
-364
-511
-130
-127
-106
-168
-151
-143
-133
-412
-414
-135
-279
-149
-201
-124
-224
-102
-224
-482
-307
-695
-486
-352
-658
-646
-588
-603
-648
-332
-370
-359
-422
-383
-335
-332
-322
-321
-349
-628
-639
-661
-641
-845
-566
-567
-567
-530
-593
-330
-352
-358
-317
-317
-463
-415
-413
-449
-365
-480
-468
-460
-474
-472
-524
-603
-483
-516
-514
-687
-628
-678
-632
-771
-441
-813
-717
-445
-839
-619
-660
-632
-656
-592
-305
-186
-201
-304
-384
-130
-367
-733
-826
-901
-838
-721
-2753
-599
-485
-433
-534
-502
-352
-388
-686
-363
-317
-329
-179
-219
-127
-183
-350
-245
-129
-221
-318
-292
-626
-1023
-609
-650
-581
-483
-811
-625
-523
-579
-385
-391
-405
-2476
-375
-398
-492
-426
-495
-477
-485
-673
-794
-675
-627
-840
-392
-457
-419
-2009
-371
-422
-1275
-358
-567
-530
-872
-639
-764
-753
-933
-815
-850
-733
-819
-788
-776
-459
-494
-507
-453
-510
-672
-655
-728
-712
-791
-458
-418
-398
-715
-480
-484
-462
-382
-384
-460
-454
-499
-714
-456
-490
-695
-745
-808
-775
-731
-127
-173
-138
-132
-214
-332
-278
-188
-153
-250
-176
-293
-334
-185
-153
-585
-752
-770
-711
-845
-742
-526
-583
-556
-610
-629
-624
-686
-698
-660
-759
-510
-406
-373
-648
-245
-472
-421
-559
-429
-458
-505
-510
-497
-513
-2520
-520
-522
-681
-2264
-593
-881
-605
-604
-144
-211
-131
-282
-144
-471
-205
-200
-144
-410
-336
-423
-480
-321
-153
-192
-122
-202
-261
-164
-375
-400
-472
-450
-430
-1497
-184
-199
-215
-201
-181
-142
-305
-348
-158
-167
-355
-185
-372
-500
-543
-417
-672
-479
-596
-614
-568
-570
-571
-374
-328
-348
-332
-347
-322
-2469
-701
-187
-352
-326
-506
-212
-237
-184
-145
-140
-340
-367
-386
-266
-444
-125
-179
-289
-355
-702
-364
-248
-339
-446
-430
-462
-853
-533
-509
-538
-475
-503
-441
-92
-274
-918
-1263
-260
-140
-143
-2573
-2007
-188
-140
-151
-825
-466
-490
-521
-437
-451
-515
-625
-1018
-593
-616
-374
-396
-406
-347
-154
-329
-655
-632
-621
-531
-588
-450
-465
-471
-435
-621
-436
-422
-506
-1108
-288
-415
-432
-768
-490
-565
-546
-606
-322
-410
-464
-198
-151
-225
-370
-311
-629
-529
-747
-424
-674
-199
-216
-255
-298
-372
-308
-209
-246
-333
-253
-1058
-974
-672
-694
-662
-764
-934
-860
-702
-756
-506
-681
-493
-462
-554
-328
-355
-421
-343
-479
-625
-685
-648
-679
-678
-135
-2769
-214
-191
-567
-141
-419
-775
-204
-148
-252
-824
-582
-550
-529
-525
-551
-614
-697
-575
-2826
-620
-489
-2959
-514
-448
-420
-427
-326
-309
-339
-343
-393
-190
-231
-136
-187
-2125
-263
-133
-245
-266
-169
-553
-522
-135
-199
-204
-204
-297
-337
-387
-286
-158
-157
-137
-298
-146
-483
-1099
-693
-1087
-1097
-302
-3170
-964
-1435
-1455
-984
-560
-412
-401
-833
-358
-552
-645
-2051
-751
-639
-652
-534
-449
-430
-418
-462
-547
-911
-577
-892
-1386
-363
-334
-2842
-210
-317
-859
-372
-745
-204
-160
-218
-162
-138
-143
-141
-767
-186
-3378
-284
-659
-618
-573
-614
-568
-223
-511
-411
-150
-123
-112
-153
-199
-185
-127
-178
-1089
-840
-495
-551
-581
-587
-515
-469
-486
-407
-356
-385
-309
-247
-206
-116
-527
-294
-329
-419
-474
-443
-417
-506
-355
-361
-441
-341
-465
-219
-243
-600
-191
-185
-277
-170
-166
-148
-564
-247
-228
-156
-246
-795
-255
-755
-117
-236
-785
-210
-232
-171
-283
-514
-648
-194
-344
-1565
-746
-282
-341
-398
-306
-930
-268
-168
-242
-277
-135
-668
-334
-323
-288
-468
-612
-641
-546
-569
-367
-381
-349
-326
-2522
-133
-331
-405
-556
-671
-545
-508
-750
-887
-815
-959
-1067
-328
-419
-559
-396
-779
-452
-397
-3059
-437
-355
-414
-229
-247
-166
-124
-128
-188
-190
-264
-315
-183
-321
-175
-218
-299
-188
-468
-450
-446
-487
-480
-384
-535
-325
-401
-241
-319
-416
-442
-452
-476
-463
-451
-349
-429
-354
-372
-427
-431
-504
-479
-652
-634
-666
-645
-682
-730
-509
-894
-1154
-917
-3114
-514
-837
-640
-995
-657
-2499
-609
-560
-767
-560
-582
-831
-465
-238
-222
-122
-315
-458
-144
-184
-171
-226
-701
-1086
-841
-905
-719
-452
-792
-385
-428
-477
-582
-601
-562
-572
-680
-602
-542
-581
-3419
-596
-1859
-604
-668
-791
-697
-651
-464
-944
-450
-481
-2197
-2107
-477
-921
-476
-460
-786
-3457
-339
-312
-351
-315
-323
-468
-499
-458
-485
-518
-654
-735
-701
-721
-1145
-516
-454
-478
-476
-448
-464
-466
-555
-3218
-507
-585
-380
-424
-433
-402
-382
-846
-1729
-1785
-986
-820
-522
-483
-1157
-462
-640
-307
-329
-387
-334
-326
-351
-915
-398
-434
-333
-297
-331
-1179
-353
-355
-582
-637
-659
-631
-607
-803
-1169
-782
-509
-542
-511
-797
-829
-845
-854
-1012
-2249
-572
-1503
-1531
-1488
-1545
-202
-109
-230
-108
-134
-138
-918
-135
-115
-124
-133
-139
-935
-186
-406
-388
-467
-469
-459
-656
-677
-1642
-655
-972
-296
-717
-542
-609
-240
-528
-162
-518
-192
-146
-114
-2095
-108
-162
-368
-98
-479
-174
-160
-2080
-118
-288
-336
-519
-534
-596
-548
-711
-232
-637
-208
-191
-336
-184
-261
-294
-222
-295
-469
-618
-520
-613
-483
-543
-544
-567
-578
-727
-167
-371
-303
-219
-355
-253
-304
-1144
-913
-407
-326
-373
-844
-618
-661
-632
-658
-636
-485
-475
-635
-642
-437
-1356
-1429
-508
-461
-581
-645
-628
-1747
-626
-506
-303
-297
-571
-1082
-406
-393
-424
-355
-411
-101
-581
-122
-2072
-142
-471
-137
-136
-166
-135
-122
-144
-301
-101
-94
-124
-633
-415
-479
-465
-426
-973
-933
-675
-1494
-662
-634
-1297
-547
-681
-797
-375
-347
-597
-547
-805
-505
-533
-319
-180
-316
-383
-1271
-542
