-2018
-2065
-2105
-2149
-3280
-2000
-3441
-2162
-2937
-2050
-2198
-3662
-2293
-2600
-2028
-2062
-2829
-2752
-2088
-2096
-2016
-2828
-2919
-2086
-3889
-2730
-2108
-5366
-2103
-3089
-2071
-2066
-2144
-2047
-2482
-2129
-2043
-2054
-4688
-4963
-2173
-4389
-2171
-3284
-3118
-2102
-2044
-2234
-2054
-2041
-2109
-2044
-2062
-4045
-4265
-2029
-2101
-2085
-3496
-2441
-2142
-2066
-2063
-2086
-2102
-2714
-4273
-2043
-2161
-2043
-2206
-2086
-2472
-3113
-4606
-4905
-4169
-4570
-2109
-2347
-3456
-3932
-2778
-2169
-3124
-2220
-1374
-1670
-4572
-2002
-924
-5224
-4919
-3410
-2070
-4225
-2055
-5310
-5908
-2464
-2971
-3882
-5025
-4278
-2058
-4626
-4096
-2974
-2535
-3426
-3744
-3451
-2933
-2218
-2835
-2781
-4148
-4273
-3001
-2840
-4378
-3762
-2000
-5001
-3481
-4839
-3906
-5105
-1834
-4792
-4234
-3061
-2840
-4245
-4498
-3959
-4058
-3308
-3740
-2873
-4520
-4974
-5072
-3966
-4829
-5660
-3126
-4854
-5317
-2056
-4872
-2649
-3965
-4608
-3494
-5283
-2759
-2458
-4519
-3005
-5077
-4942
-4936
-3585
-4572
-4065
-4777
-5209
-2987
-5008
-4977
-2058
-4751
-4660
-3914
-2534
-4244
-2047
-3454
-2761
-2645
-4454
-2467
-1799
-2114
-1795
-1640
-2079
-2545
-2603
-3804
-2739
-2739
-2370
-2995
-3272
-2430
-2243
-2854
-2723
-3286
-4032
-4165
-2632
-2978
-3623
-2463
-3460
-1485
-2440
-3015
-3127
-3283
-3652
-2861
-3005
-2508
-3400
-3667
-2801
-2045
-3988
-4504
-3730
-5356
-3524
-1589
-4111
-3091
-4269
-2251
-3216
-3954
-2742
-3773
-1696
-1847
-2839
-3140
-3141
-2282
-3574
-4721
-2905
-1995
-3453
-4203
-4813
-2751
-3553
-3540
-3209
-2058
-3830
-381
-2368
-3022
-3017
-3319
-1167
-3771
-3701
-4679
-2503
-1536
-3465
-832
-4580
-901
-2610
-4538
-2211
-2937
-3337
-6319
-4967
-3642
-2066
-2306
-2803
-2021
-4136
-1862
-1546
-2945
-3895
-1961
-4816
-5212
-2370
-1325
-1469
-4962
-4903
-5615
-5065
-3735
-2437
-3470
-2673
-2997
-2000
-3114
-3333
-2077
-1425
-5188
-2524
-2000
-1945
-2075
-1313
-3115
-3743
-2994
-1426
-1372
-3285
-6677
-5255
-6313
-2838
-4618
-668
-3316
-954
-695
-1285
-805
-5391
-2457
-2614
-1173
-1169
-1206
-1690
-1539
-3162
-869
-965
-600
-598
-779
-1262
-811
-1220
-1511
-1936
-2091
-1663
-1588
-1537
-1357
-682
-1050
-1206
-513
-597
-722
-688
-1072
-1244
-1263
-1207
-1453
-1005
-712
-1025
-1142
-326
-577
-722
-496
-348
-517
-863
-1006
-678
-590
-2815
-1307
-1127
-979
-1387
-947
-1173
-807
-2947
-1066
-1657
-1450
-1802
-1665
-2701
-3510
-2539
-3017
-2737
-2985
-2136
-1529
-810
-2949
-2488
-1274
-2568
-2786
-1326
-2426
-1395
-2638
-3019
-2637
-2470
-1207
-2732
-1494
-1148
-2988
-2678
-2418
-2532
-2137
-2058
-2089
-2612
-2381
-4975
-4340
-4166
-2289
-3064
-3018
-1757
-2372
-2946
-2132
-1716
-2115
-2400
-3120
-3697
-2285
-2096
-4652
-2053
-2300
-4088
-3806
-5432
-4322
-5363
-2231
-3075
-1818
-1449
-1380
-1971
-1359
-1788
-2322
-2233
-2579
-1432
-2034
-2044
-2957
-1626
-5237
-3045
-4859
-2869
-1636
-3150
-2702
-2709
-1771
-1086
-1301
-2680
-1195
-1230
-2183
-1772
-2147
-1889
-1557
-2253
-1260
-1247
-2132
-675
-1234
-944
-908
-1087
-2462
-1207
-3176
-1389
-1231
-1363
-1492
-1586
-1498
-1241
-1437
-1413
-1174
-2971
-2653
-1596
-1829
-1681
-1530
-2147
-1528
-1165
-1137
-1094
-1658
-1762
-1413
-1808
-1245
-1166
-1563
-1726
-1351
-2317
-1446
-1260
-1442
-1059
-1224
-1448
-1086
-653
-508
-2512
-759
-2808
-458
-737
-1299
-1276
-1183
-3368
-1537
-983
-1024
-2274
-744
-943
-603
-575
-1160
-1091
-1143
-934
-1053
-1056
-1222
-1041
-1433
-1445
-1517
-1494
-1096
-1121
-1040
-1093
-1035
-1201
-1142
-1111
-2000
-1353
-894
-3085
-1443
-1761
-1134
-3999
-690
-3830
-1316
-322
-697
-979
-2463
-2781
-907
-2688
-1033
-1042
-1453
-1551
-1303
-1307
-1237
-1173
-1083
-1413
-1133
-1147
-1078
-2470
-1042
-1942
-1736
-1391
-1390
-1360
-1361
-1488
-1509
-2000
-1339
-1189
-1230
-1248
-1183
-1208
-1127
-1200
-2815
-2772
-2880
-1024
-2735
-2168
-2749
-394
-320
-333
-2565
-2133
-608
-277
-2388
-406
-312
-323
-2136
-645
-2527
-398
-595
-468
-5325
-436
-1270
-888
-316
-640
-1197
-1382
-1364
-1273
-1244
-1258
-1205
-1238
-1122
-1017
-888
-884
-909
-882
-1144
-1271
-1226
-920
-924
-1429
-989
-1171
-1208
-1177
-1317
-831
-970
-1052
-431
-862
-1188
-1437
-1137
-1207
-1498
-1812
-1393
-1765
-1290
-1097
-1231
-1080
-2649
-2509
-566
-2187
-889
-366
-493
-554
-2581
-634
-2019
-2817
-2845
-2353
-2584
-2500
-2557
-2521
-2753
-2646
-2509
-2553
-2480
-2410
-2508
-2374
-2485
-2436
-2613
-2579
-2818
-3178
-2585
-857
-1030
-965
-1217
-1402
-1351
-1362
-2122
-1417
-1746
-1391
-2124
-2000
-1407
-2349
-1111
-1180
-1035
-938
-1221
-1208
-1019
-2563
-1075
-1536
-1223
-1135
-1368
-1210
-1258
-1512
-1205
-923
-991
-853
-1041
-2148
-2605
-845
-589
-862
-480
-689
-954
-482
-2624
-320
-382
-294
-896
-759
-2857
-1357
-1137
-1192
-1088
-1408
-1289
-1472
-1396
-1951
-1739
-1545
-1624
-1454
-1394
-1608
-1074
-858
-1780
-763
-563
-758
-1570
-1246
-1006
-906
-647
-558
-665
-375
-475
-635
-640
-540
-1427
-1168
-1186
-1184
-3366
-2637
-2672
-2574
-1112
-2534
-2552
-3038
-2606
-3320
-2388
-2359
-2384
-2450
-2160
-2400
-2164
-990
-2608
-2800
-795
-330
-310
-327
-490
-2402
-425
-2510
-2777
-2487
-1370
-2449
-1509
-1449
-2235
-2725
-1253
-1131
-910
-964
-1331
-1437
-1558
-2164
-1488
-1534
-1604
-1756
-1527
-1472
-1701
-1713
-1555
-1751
-2737
-1328
-814
-868
-1159
-1576
-1492
-1379
-3419
-3582
-1288
-1004
-1072
-744
-735
-728
-877
-1013
-1153
-1219
-1143
-997
-918
-894
-2499
-2582
-2535
-1007
-1289
-1079
-843
-399
-213
-284
-325
-285
-263
-355
-264
-366
-356
-276
-306
-2756
-1255
-1172
-1253
-1352
-620
-805
-671
-771
-276
-861
-806
-638
-806
-837
-959
-1477
-1058
-992
-1332
-999
-1296
-1101
-1129
-1446
-1349
-1344
-1459
-1287
-1501
-1324
-1220
-294
-342
-710
-637
-2103
-749
-877
-328
-452
-430
-286
-408
-426
-262
-298
-251
-311
-243
-2152
-258
-2145
-307
-316
-264
-279
-388
-280
-387
-298
-2328
-2341
-306
-2341
-2949
-2651
-1226
-2768
-1270
-2356
-3167
-959
-554
-482
-699
-806
-2153
-1160
-1555
-2140
-2000
-995
-2185
-1119
-1072
-1161
-1064
-1105
-1171
-1240
-1069
-1308
-593
-551
-835
-419
-821
-430
-434
-277
-419
-307
-347
-366
-524
-683
-215
-538
-482
-449
-649
-371
-313
-367
-379
-235
-227
-407
-666
-343
-287
-439
-311
-574
-290
-482
-691
-645
-663
-368
-470
-641
-2013
-1345
-959
-1064
-997
-944
-902
-984
-2063
-736
-1383
-1448
-1643
-1246
-1054
-1266
-976
-935
-791
-813
-860
-745
-826
-1005
-940
-861
-1306
-1295
-1175
-2113
-2175
-2000
-1150
-1167
-1612
-1377
-1263
-861
-1060
-788
-840
-1212
-1038
-1234
-1137
-1337
-1650
-1806
-1423
-923
-917
-803
-1026
-2000
-654
-790
-770
-812
-1051
-1158
-1110
-1103
-246
-466
-465
-290
-295
-449
-367
-480
-570
-365
-256
-300
-292
-281
-759
-770
-665
-800
-460
-355
-342
-606
-474
-260
-565
-304
-233
-841
-779
-2084
-935
-755
-1694
-1843
-1543
-1727
-1791
-1591
-1477
-1548
-866
-750
-709
-729
-1155
-780
-986
-758
-1416
-1254
-1102
-1382
-835
-880
-490
-852
-676
-399
-250
-241
-444
-375
-477
-451
-203
-374
-522
-293
-380
-331
-372
-267
-281
-223
-312
-298
-300
-282
-274
-262
-291
-263
-338
-341
-342
-368
-334
-263
-509
-862
-654
-567
-749
-406
-1240
-1153
-1112
-1325
-1030
-2580
-3032
-1295
-919
-947
-2168
-634
-277
-2356
-1218
-2375
-621
-1077
-926
-1160
-1007
-1453
-1028
-1301
-1187
-1054
-1055
-1062
-1025
-1029
-885
-830
-1065
-1361
-1058
-1134
-1128
-2055
-1093
-1201
-1392
-1301
-1348
-1299
-2153
-2000
-2147
-2000
-954
-956
-2176
-2000
-1401
-1066
-1331
-1268
-847
-754
-2550
-2120
-2000
-908
-867
-1053
-1058
-1091
-1062
-1089
-1064
-1284
-970
-969
-1070
-995
-1027
-949
-1051
-1069
-924
-1189
-1293
-1210
-1283
-1010
-987
-868
-1016
-782
-697
-799
-402
-928
-2000
-1556
-1287
-1346
-1385
-1158
-1303
-1204
-1100
-1088
-1038
-1160
-1013
-1055
-972
-956
-959
-2281
-1213
-2369
-1642
-3080
-2191
-1499
-1294
-115
-507
-893
-892
-541
-932
-2176
-2000
-732
-1055
-841
-941
-812
-751
-717
-495
-674
-413
-708
-325
-312
-380
-251
-391
-359
-161
-270
-539
-187
-593
-579
-262
-233
-234
-433
-347
-359
-198
-266
-332
-364
-425
-703
-691
-656
-442
-642
-488
-401
-518
-902
-856
-1064
-933
-1032
-989
-949
-1208
-2017
-1442
-1593
-1390
-1408
-904
-1282
-1312
-1209
-787
-957
-1127
-1007
-1745
-1604
-1569
-1441
-1311
-3435
-1499
-1545
-1748
-585
-1018
-1025
-1129
-1152
-1598
-1691
-1469
-1704
-939
-1092
-1078
-1447
-1516
-2151
-1480
-1569
-1353
-1787
-1688
-1362
-1469
-475
-300
-376
-577
-917
-841
-401
-329
-420
-986
-829
-879
-1063
-2019
-1449
-1567
-1422
-1591
-881
-878
-2137
-885
-947
-812
-1285
-1352
-1201
-1333
-1315
-2773
-1410
-1529
-1502
-1549
-1464
-1464
-1467
-1311
-1246
-1265
-1358
-881
-751
-827
-897
-903
-873
-871
-1151
-304
-1029
-863
-833
-405
-975
-999
-1114
-1121
-1070
-2000
-948
-680
-595
-669
-667
-419
-634
-417
-464
-462
-294
-400
-600
-1092
-843
-1046
-850
-1005
-1020
-1025
-945
-933
-715
-814
-842
-1112
-1077
-1265
-1234
-821
-643
-276
-546
-812
-786
-3119
-1078
-2627
-1225
-1301
-2000
-2000
-887
-1027
-1154
-1229
-1162
-959
-1112
-978
-1372
-1470
-1250
-1194
-1073
-975
-952
-912
-803
-713
-899
-2065
-1033
-806
-2035
-914
-855
-930
-235
-353
-320
-203
-1024
-247
-290
-249
-319
-182
-221
-317
-281
-206
-233
-441
-307
-309
-180
-265
-1022
-956
-1076
-975
-216
-278
-258
-258
-352
-299
-503
-347
-270
-246
-282
-443
-301
-2418
-2306
-2084
-2000
-281
-404
-367
-261
-268
-2560
-3018
-2099
-2000
-960
-1065
-2682
-1240
-252
-329
-359
-241
-451
-246
-319
-328
-228
-286
-181
-196
-356
-290
-332
-177
-174
-332
-336
-300
-235
-315
-275
-371
-213
-327
-308
-273
-232
-384
-412
-564
-296
-470
-269
-265
-615
-274
-483
-297
-280
-2283
-2533
-2427
-268
-413
-271
-511
-2455
-2447
-2162
-318
-443
-310
-2429
-2164
-2801
-1042
-1104
-2238
-2929
-2285
-2742
-2655
-1243
-1200
-1436
-1191
-788
-946
-843
-860
-1326
-1342
-1459
-1282
-370
-994
-1064
-840
-2999
-370
-867
-1159
-1042
-1054
-2147
-1153
-1058
-998
-2631
-1024
-2050
-2000
-2000
-827
-882
-764
-804
-816
-774
-1011
-888
-277
-684
-285
-698
-378
-338
-810
-713
-338
-280
-701
-658
-258
-319
-814
-696
-1556
-1056
-842
-885
-1209
-1183
-1149
-1095
-855
-2588
-2288
-828
-881
-818
-643
-268
-370
-739
-316
-320
-647
-284
-346
-291
-839
-1470
-955
-939
-1619
-1219
-1488
-1322
-321
-296
-303
-342
-301
-269
-315
-290
-264
-344
-317
-324
-295
-260
-374
-322
-353
-274
-418
-399
-305
-309
-357
-299
-336
-748
-802
-795
-334
-351
-325
-421
-829
-1075
-1109
-1072
-1208
-1151
-2390
-2394
-1270
-1327
-1181
-756
-904
-770
-821
-988
-1216
-891
-880
-926
-783
-1219
-831
-865
-962
-805
-943
-1540
-2110
-1381
-1247
-1168
-1284
-1368
-1303
-1125
-975
-1123
-958
-1196
-1285
-1074
-1111
-1257
-1253
-1239
-1230
-777
-694
-737
-947
-936
-1025
-1055
-905
-1078
-880
-2111
-867
-936
-1030
-1023
-1124
-1027
-1053
-1146
-1178
-1118
-1295
-1400
-1490
-1547
-1523
-2288
-1476
-1522
-1581
-1423
-1414
-1369
-1372
-964
-894
-983
-1347
-989
-944
-1173
-1153
-1221
-1167
-1284
-1282
-1561
-1749
-1769
-1727
-1512
-1622
-1340
-1903
-1356
-1771
-1790
-1586
-802
-799
-996
-1080
-1203
-1220
-1218
-1249
-1039
-920
-1177
-866
-1523
-1665
-1604
-1627
-1144
-1055
-1170
-1067
-2380
-1221
-1313
-1271
-1094
-823
-796
-981
-921
-892
-920
-1117
-818
-1134
-1099
-1149
-1293
-2086
-2421
-1282
-1346
-1364
-1319
-758
-753
-352
-738
-905
-1159
-1262
-1029
-1282
-891
-722
-302
-759
-871
-635
-768
-690
-830
-1036
-1001
-1200
-1135
-1181
-1082
-2267
-1060
-2547
-2481
-2913
-2358
-2349
-2311
-282
-2366
-2584
-334
-305
-467
-2292
-304
-309
-2334
-2340
-680
-513
-2473
-2538
-2646
-2168
-2461
-2414
-1173
-2703
-1038
-2434
-2427
-1085
-2436
-1025
-2402
-928
-2419
-1003
-919
-460
-688
-722
-315
-302
-736
-1359
-1483
-1418
-1776
-1474
-4138
-4109
-4077
-1541
-1708
-4392
-1201
-973
-774
-915
-795
-735
-283
-2295
-780
-850
-312
-817
-849
-867
-810
-2191
-2000
-890
-836
-550
-824
-794
-895
-1767
-951
-776
-937
-1224
-986
-1234
-1050
-542
-373
-767
-296
-339
-735
-754
-843
-991
-878
-919
-756
-323
-343
-757
-725
-281
-292
-786
-1007
-1124
-1029
-993
-337
-679
-704
-831
-412
-416
-839
-1783
-1414
-1699
-2169
-221
-645
-747
-668
-736
-957
-1118
-952
-978
-342
-623
-383
-279
-685
-317
-284
-438
-241
-333
-376
-374
-291
-363
-317
-276
-284
-470
-299
-191
-305
-271
-231
-260
-280
-204
-429
-320
-386
-246
-283
-234
-312
-246
-1060
-1340
-901
-944
-1594
-3481
-1452
-1677
-2138
-2000
-1351
-924
-295
-292
-279
-582
-448
-532
-343
-998
-725
-974
-649
-2158
-2220
-1009
-1475
-1168
-1174
-1257
-1015
-943
-995
-1051
-2085
-756
-777
-780
-800
-1340
-1362
-1622
-1460
-288
-438
-619
-191
-229
-441
-246
-274
-193
-262
-277
-205
-357
-255
-256
-328
-293
-379
-237
-268
-368
-912
-850
-714
-656
-1003
-877
-1361
-1603
-837
-2114
-858
-1488
-715
-1321
-1526
-1316
-1356
-1171
-940
-1193
-1235
-1490
-1232
-1619
-1697
-252
-666
-285
-224
-177
-253
-240
-679
-249
-219
-662
-2082
-1022
-889
-927
-827
-832
-850
-1001
-836
-1292
-1120
-1049
-1119
-757
-820
-661
-779
-649
-667
-603
-660
-765
-1143
-1147
-1115
-1231
-809
-697
-672
-636
-1053
-992
-1118
-1039
-2000
-885
-799
-939
-841
-618
-530
-576
-587
-667
-751
-664
-274
-622
-627
-248
-304
-215
-172
-279
-215
-292
-338
-237
-195
-293
-356
-157
-271
-310
-273
-203
-211
-1314
-1174
-2056
-1119
-1282
-1350
-1410
-1381
-1400
-824
-894
-876
-810
-1064
-1015
-1098
-1137
-586
-2067
-724
-620
-625
-994
-1025
-974
-1186
-1138
-995
-1034
-1119
-277
-166
-211
-287
-229
-166
-2219
-2015
-295
-230
-176
-182
-256
-190
-288
-204
-495
-322
-211
-206
-170
-212
-573
-252
-556
-445
-497
-578
-711
-264
-578
-193
-551
-673
-1331
-1343
-1358
-1330
-1081
-951
-917
-931
-1037
-1446
-1443
-1113
-754
-679
-818
-896
-972
-1149
-1047
-1076
-1094
-1198
-1109
-1064
-627
-633
-734
-624
-1394
-1439
-1428
-1548
-702
-569
-701
-711
-1205
-1157
-1171
-1175
-891
-2200
-3112
-1334
-2787
-2922
-1293
-3673
-1666
-2155
-3282
-2904
-603
-605
-610
-627
-1054
-1043
-1055
-1086
-1058
-970
-1180
-1329
-1306
-1588
-1284
-1213
-1197
-2068
-1014
-1069
-1037
-1360
-1258
-1321
-1357
-882
-908
-1128
-1115
-1248
-975
-1280
-1133
-2000
-839
-849
-846
-843
-903
-969
-1034
-972
-1469
-2177
-1253
-1157
-1347
-1540
-1515
-1700
-1569
-2000
-1116
-1173
-1089
-1215
-814
-850
-772
-775
-738
-868
-662
-870
-1025
-1052
-1055
-954
-1253
-1422
-1695
-1397
-1226
-1566
-1368
-1084
-214
-738
-381
-361
-294
-304
-635
-330
-724
-782
-987
-1214
-1034
-969
-1175
-1249
-1360
-1228
-706
-750
-727
-2148
-739
-1344
-1179
-1216
-1183
-1047
-1204
-1068
-1139
-1183
-1086
-1273
-1190
-1185
-1235
-1235
-1211
-810
-882
-628
-857
-934
-2835
-1328
-925
-1137
-731
-726
-789
-841
-330
-501
-916
-384
-300
-402
-479
-771
-481
-315
-415
-325
-403
-623
-350
-2213
-463
-448
-294
-879
-748
-487
-726
-781
-656
-1359
-1315
-1437
-1542
-1322
-1367
-1308
-1586
-742
-787
-795
-749
-837
-892
-925
-864
-778
-736
-846
-732
-1009
-1365
-914
-1008
-464
-584
-358
-559
-399
-553
-688
-675
-393
-687
-619
-704
-666
-1410
-1916
-1200
-1628
-1264
-1077
-1353
-1125
-1591
-1458
-1922
-1466
-1428
-1697
-1454
-1640
-2413
-2098
-1329
-1346
-1398
-1217
-915
-1059
-937
-2150
-853
-2000
-961
-2470
-1179
-1175
-1035
-900
-930
-817
-834
-1464
-1612
-1649
-1495
-1486
-1478
-1397
-1459
-1476
-1652
-1559
-3180
-1705
-950
-943
-913
-1034
-688
-780
-822
-2064
-834
-829
-803
-1033
-921
-982
-1192
-1047
-1065
-761
-821
-763
-2159
-2000
-2000
-786
-931
-712
-640
-762
-369
-274
-391
-725
-243
-521
-270
-561
-365
-395
-253
-739
-1714
-1682
-1639
-1641
-1118
-1058
-1193
-1250
-1260
-1393
-1274
-1099
-1219
-1279
-1363
-1352
-2000
-1182
-1306
-1306
-1337
-900
-970
-1012
-1052
-761
-774
-775
-825
-770
-889
-748
-1069
-1168
-992
-953
-1083
-930
-931
-1013
-915
-1188
-1068
-1146
-1212
-1111
-2064
-1225
-1351
-1102
-1469
-1416
-1286
-1411
-1078
-1040
-1083
-1098
-1373
-1384
-1308
-1233
-834
-869
-811
-918
-1073
-976
-1134
-1122
-856
-814
-894
-838
-865
-840
-866
-763
-648
-634
-334
-640
-726
-1246
-1111
-1148
-1202
-1246
-1473
-1150
-1397
-1020
-909
-944
-950
-803
-910
-1058
-847
-1036
-1012
-782
-798
-1457
-1445
-1869
-1613
-1898
-1749
-1516
-2083
-782
-997
-1007
-848
-1073
-952
-1111
-1283
-1505
-1572
-1689
-1561
-706
-717
-749
-737
-452
-446
-246
-591
-355
-367
-504
-1079
-877
-2162
-913
-766
-872
-846
-838
-2114
-831
