-3466
-2798
-2729
-2491
-2131
-3462
-2105
-2107
-2059
-2251
-3053
-2117
-2607
-3853
-2154
-3829
-2164
-3648
-3049
-2143
-2714
-3668
-2412
-2763
-2667
-2242
-2267
-2189
-2608
-4870
-2923
-3077
-4914
-4320
-3812
-2281
-2976
-2140
-2190
-3091
-2434
-2288
-2766
-5204
-3938
-3640
-4797
-4177
-3777
-3004
-3462
-3188
-4598
-3227
-3284
-3629
-4213
-3700
-2619
-5574
-3282
-4479
-3817
-4237
-4081
-4512
-3249
-2061
-5897
-3649
-3214
-2069
-2847
-5460
-4083
-3311
-4089
-3654
-2315
-2317
-2200
-3017
-3296
-335
-3483
-1779
-2937
-3124
-4149
-5392
-2074
-3751
-4189
-4539
-5964
-2212
-2067
-2688
-2536
-2475
-4424
-2036
-3246
-1867
-5038
-2392
-1515
-3015
-4738
-1636
-3040
-3197
-3572
-5570
-1352
-4220
-3758
-1556
-5411
-3596
-4110
-1653
-4763
-2707
-2473
-4533
-1609
-516
-1463
-3771
-1965
-2733
-2960
-3109
-4533
-2831
-2639
-2860
-3034
-375
-555
-934
-525
-2691
-2800
-2549
-359
-614
-787
-428
-593
-2958
-1484
-474
-1481
-3048
-829
-2161
-1625
-3900
-3632
-3786
-4023
-3671
-2003
-543
-1453
-1206
-376
-1002
-549
-1713
-2077
-1208
-3130
-1229
-1280
-1349
-1146
-3032
-1341
-3989
-464
-2680
-1202
-1887
-3736
-3020
-1519
-2976
-1574
-2984
-315
-2646
-3148
-2972
-3537
-3670
-2958
-3133
-3628
-3260
-3456
-3124
-3631
-2899
-1240
-3482
-3135
-3498
-3455
-1759
-889
-581
-1275
-1098
-239
-1182
-3124
-2364
-3482
-1704
-4499
-1048
-1010
-4256
-3189
-812
-882
-2213
-3563
-825
-3854
-1118
-3391
-745
-379
-1118
-3862
-786
-3421
-2392
-1758
-1405
-2394
-889
-607
-1271
-859
-3348
-3264
-2881
-1572
-2692
-716
-2944
-3199
-3048
-1681
-1307
-1498
-1252
-889
-2524
-963
-775
-1376
-1479
-1181
-1416
-785
-990
-1253
-837
-916
-1274
-1126
-1305
-1405
-1226
-1116
-1007
-947
-1178
-1439
-1459
-1082
-540
-355
-369
-1165
-1137
-328
-501
-488
-566
-496
-1029
-618
-714
-768
-819
-991
-2435
-539
-351
-612
-1071
-271
-389
-573
-461
-423
-224
-2610
-294
-1174
-368
-668
-475
-434
-831
-435
-243
-334
-729
-736
-1285
-1149
-1014
-1091
-1323
-1077
-1324
-1035
-1337
-1225
-1207
-1136
-1559
-1315
-1442
-1396
-994
-1454
-1409
-1487
-528
-404
-1223
-1101
-908
-863
-348
-968
-401
-324
-720
-237
-430
-231
-442
-805
-478
-1049
-1287
-1183
-679
-1255
-1085
-1062
-1220
-1053
-904
-1066
-3091
-2796
-2737
-1241
-1490
-1254
-1081
-616
-474
-660
-480
-726
-2903
-1032
-1266
-1241
-1413
-1484
-1332
-1040
-1057
-824
-710
-664
-629
-741
-855
-746
-831
-735
-1249
-1351
-1441
-1210
-906
-817
-760
-1090
-836
-374
-638
-611
-446
-658
-3089
-1065
-1264
-1276
-1178
-685
-569
-481
-365
-518
-317
-280
-584
-461
-602
-495
-495
-558
-619
-342
-601
-804
-1028
-852
-824
-1123
-1031
-1276
-998
-754
-836
-880
-1264
-420
-297
-453
-715
-720
-577
-816
-672
-266
-383
-723
-633
-577
-1251
-784
-1174
-1041
-997
-797
-862
-715
-860
-907
-728
-1065
-746
-615
-606
-277
-388
-675
-564
-951
-857
-1169
-1117
-1069
-1868
-1071
-1016
-742
-887
-908
-925
-872
-375
-351
-363
-488
-401
-287
-376
-453
-256
-668
-271
-728
-687
-594
-639
-713
-894
-873
-957
-1081
-656
-297
-340
-569
-610
-527
-778
-1001
-915
-785
-219
-430
-486
-587
-390
-203
-449
-277
-1229
-1535
-1331
-1280
-1212
-1310
-1215
-1095
-956
-1104
-1204
-972
-817
-928
-915
-1084
-767
-905
-830
-1153
-1126
-880
-963
-1116
-645
-418
-741
-277
-491
-517
-361
-1043
-789
-726
-885
-732
-861
-610
-845
-323
-1239
-367
-474
-558
-343
-721
-465
-694
-342
-397
-1178
-1490
-2632
-2776
-1257
-1036
-1009
-989
-1199
-937
-1138
-825
-964
-802
-769
-1476
-1525
-671
-1225
-1252
-3193
-1296
-1441
-691
-746
-958
-702
-812
-1081
-964
-1024
-1233
-746
-969
-548
-634
-1188
-1151
-1486
-1153
-1594
-1320
-1424
-937
-767
-555
-853
-702
-977
-1048
-881
-1027
-954
-966
-903
-845
-464
-333
-288
-281
-557
-386
-295
-512
-470
-341
-430
-1049
-1108
-975
-1045
-818
-911
-726
-1331
-1031
-439
-511
-247
-349
-395
-412
-318
-262
-955
-289
-764
-1009
-1582
-1179
-1468
-983
-887
-925
-822
-709
-781
-809
-835
-518
-421
-508
-377
-730
-291
-298
-336
-322
-333
-1046
-875
-858
-848
-583
-709
-749
-680
-864
-272
-235
-298
-185
-231
-196
-178
-200
-333
-329
-226
-295
-202
-317
-198
-318
-267
-228
-238
-212
-354
-236
-228
-223
-275
-324
-655
-423
-458
-363
-323
-192
-436
-361
-481
-469
-197
-431
-489
-274
-271
-408
-369
-308
-333
-388
-872
-476
-352
-519
-459
-979
-490
-962
-668
-654
-787
-789
-333
-755
-691
-767
-590
-706
-683
-873
-885
-884
-684
-833
-1074
-702
-769
-832
-875
-758
-772
-822
-906
-1175
-887
-988
-870
-979
-508
-588
-657
-335
-493
-507
-332
-205
-143
-374
-213
-301
-416
-209
-217
-321
-1077
-980
-993
-1281
-1265
-1237
-743
-708
-1123
-713
-786
-756
-570
-404
-442
-520
-628
-1176
-1225
-1222
-1118
-179
-236
-293
-226
-267
-159
-174
-263
-202
-176
-171
-205
-197
-192
-317
-197
-335
-222
-351
-242
-361
-225
-204
-227
-162
-506
-332
-529
-172
-238
-240
-401
-179
-462
-302
-305
-386
-1074
-939
-881
-923
-229
-233
-498
-305
-368
-242
-574
-525
-211
-221
-509
-481
-263
-625
-843
-998
-947
-797
-989
-1101
-1187
-1291
-509
-606
-631
-543
-478
-466
-536
-409
-2475
-1281
-1249
-1381
-1360
-478
-486
-484
-502
-263
-454
-346
-299
-483
-565
-508
-462
-610
-522
-369
-352
-448
-330
-171
-202
-151
-165
-380
-910
-1000
-1143
-1057
-453
-271
-457
-474
-496
-1188
-963
-853
-853
-1410
-1433
-1364
-1263
-1457
-1335
-1506
-1467
-946
-858
-972
-1034
-1003
-1085
-1125
-1169
-1268
-1336
-1081
-1167
-1126
-1400
-1108
-1319
-625
-652
-623
-513
-467
-566
-2072
-404
-424
-374
-240
-168
-433
-411
-435
-479
-1038
-917
-968
-1137
-1339
-782
-794
-802
-908
-875
-1056
-939
-707
-648
-764
-667
-399
-383
-334
-385
-240
-418
-1052
-1028
-1112
-954
-720
-866
-823
-665
-590
-619
-582
-655
-481
-576
-607
-695
-910
-977
-963
-1097
-526
-637
-594
-428
-530
-516
-464
-528
-595
-492
-578
-492
-902
-908
-1107
-959
-852
-752
-931
-915
-889
-1008
-967
-895
-864
-890
-888
-865
-859
-766
-775
-738
-523
-697
-683
-640
-218
-195
-204
-235
-317
-172
-246
-189
-239
-258
-132
-266
-186
-320
-289
-264
-160
-296
-253
-179
-179
-182
-193
-552
-681
-639
-651
-751
-797
-804
-807
-486
-273
-540
-467
-447
-758
-561
-338
-462
-537
-499
-477
-507
-532
-474
-658
-561
-537
-726
-652
-705
-666
-711
-885
-657
-773
-880
-970
-760
-834
-804
-646
-675
-753
-398
-513
-398
-309
-467
-227
-178
-152
-232
-485
-219
-200
-256
-233
-291
-387
-339
-221
-188
-181
-207
-187
-175
-525
-615
-532
-847
-511
-628
-550
-547
-1004
-876
-862
-1609
-588
-592
-676
-603
-208
-301
-157
-283
-270
-249
-231
-269
-483
-303
-181
-317
-357
-230
-362
-215
-302
-161
-260
-199
-168
-157
-226
-192
-179
-195
-225
-312
-181
-235
-182
-277
-180
-217
-289
-810
-810
-949
-829
-142
-175
-211
-196
-168
-173
-225
-171
-130
-204
-174
-173
-201
-148
-140
-198
-178
-141
-170
-172
-274
-159
-213
-266
-164
-186
-167
-209
-481
-449
-472
-463
-129
-191
-178
-163
-214
-161
-244
-172
-217
-168
-228
-155
-237
-176
-225
-164
-179
-175
-184
-263
-230
-244
-472
-434
-510
-489
-804
-777
-751
-863
-739
-815
-682
-722
-718
-641
-773
-978
-408
-388
-341
-542
-340
-238
-302
-222
-421
-438
-491
-521
-571
-629
-831
-769
-887
-519
-589
-684
-630
-379
-292
-251
-231
-239
-510
-360
-264
-392
-386
-858
-972
-748
-757
-1200
-2696
-707
-912
-760
-141
-175
-159
-211
-231
-292
-200
-131
-212
-261
-293
-200
-231
-195
-179
-186
-153
-197
-185
-220
-179
-809
-875
-809
-897
-623
-515
-470
-507
-972
-638
-671
-818
-273
-340
-296
-195
-219
-213
-173
-187
-330
-345
-188
-370
-367
-311
-528
-810
-583
-624
-849
-586
-510
-532
-847
-203
-267
-282
-175
-241
-331
-505
-221
-207
-768
-863
-846
-845
-383
-498
-373
-469
-738
-560
-825
-919
-648
-779
-522
-742
-861
-868
-889
-702
-627
-802
-669
-772
-711
-585
-665
-682
-827
-880
-826
-755
-854
-939
-717
-679
-189
-303
-243
-462
-295
-430
-214
-384
-268
-256
-525
-137
-293
-263
-193
-214
-219
-221
-400
-172
-287
-2017
-145
-290
-209
-247
-329
-439
-398
-770
-1007
-637
-825
-914
-313
-196
-182
-211
-180
-165
-191
-149
-416
-227
-373
-309
-232
-393
-130
-172
-209
-188
-379
-250
-237
-153
-248
-397
-143
-219
-885
-208
-269
-131
-156
-194
-272
-577
-2338
-474
-535
-595
-682
-725
-2474
-886
-807
-669
-622
-750
-602
-563
-542
-619
-519
-120
-141
-132
-206
-231
-145
-110
-186
-141
-263
-167
-153
-257
-158
-155
-175
-231
-133
-156
-135
-141
-154
-158
-147
-132
-225
-231
-185
-544
-434
-427
-562
-484
-550
-406
-491
-494
-204
-396
-197
-186
-254
-275
-621
-258
-215
-224
-216
-258
-282
-467
-310
-294
-252
-407
-272
-373
-211
-303
-346
-353
-192
-183
-281
-197
-163
-211
-130
-245
-208
-318
-181
-191
-153
-318
-242
-174
-286
-171
-163
-182
-218
-164
-180
-137
-2012
-128
-245
-237
-195
-167
-340
-217
-240
-167
-178
-170
-153
-166
-160
-228
-142
-177
-232
-165
-207
-191
-414
-440
-473
-571
-507
-681
-779
-764
-687
-268
-364
-149
-360
-181
-271
-220
-447
-227
-255
-316
-288
-293
-486
-504
-747
-531
-732
-509
-746
-585
-1755
-868
-771
-866
-346
-225
-184
-170
-218
-193
-166
-171
-212
-237
-291
-175
-374
-206
-233
-209
-190
-309
-630
-459
-526
-536
-156
-135
-249
-311
-184
-242
-161
-272
-165
-203
-144
-131
-128
-146
-191
-194
-148
-142
-149
-154
-173
-335
-580
-598
-571
-541
-589
-747
-666
-829
-954
-194
-142
-218
-202
-184
-160
-215
-165
-181
-196
-199
-213
-180
-196
-164
-264
-689
-1081
-877
-752
-625
-580
-494
-550
-400
-481
-501
-564
-1130
-1545
-1332
-1164
-940
-1060
-945
-1015
-450
-487
-447
-455
-633
-745
-713
-852
-409
-397
-418
-463
-408
-512
-408
-413
-644
-729
-766
-790
-250
-232
-332
-283
-242
-293
-226
-234
-270
-223
-269
-171
-294
-218
-203
-220
-243
-264
-214
-280
-217
-203
-296
-177
-221
-929
-985
-1267
-1121
-983
-1213
-1308
-1122
-536
-556
-740
-500
-630
-829
-547
-640
-199
-267
-198
-194
-191
-244
-212
-365
-1320
-180
-215
-271
-361
-199
-221
-346
-206
-233
-471
-239
-302
-396
-378
-339
-372
-648
-560
-680
-593
-887
-863
-824
-853
-184
-373
-461
-367
-371
-289
-772
-843
-752
-987
-271
-355
-320
-377
-451
-440
-458
-416
-443
-393
-470
-358
-382
-486
-530
-471
-624
-1033
-1059
-1072
-1299
-638
-600
-605
-710
-1244
-1485
-1376
-1330
-628
-783
-671
-638
-271
-429
-422
-336
-258
-488
-550
-435
-446
-557
-1205
-1044
-1016
-1202
-366
-399
-372
-422
-1068
-1043
-1318
-1154
-436
-356
-453
-422
-481
-786
-920
-797
-821
-982
-1128
-1036
-1032
-931
-765
-704
-810
-496
-499
-561
-540
-603
-498
-533
-469
-617
-858
-569
-557
-364
-512
-424
-463
-575
-506
-478
-463
-570
-731
-685
-584
-625
-585
-535
-484
-1017
-1015
-795
-980
-806
-779
-871
-736
-720
-649
-752
-2289
-885
-579
-720
-1028
-220
-175
-326
-342
-246
-391
-151
-274
-264
-901
-718
-737
-774
-667
-755
-783
-679
-536
-557
-607
-590
-295
-428
-297
-180
-281
-358
-487
-506
-390
-521
-243
-202
-389
-230
-152
-287
-982
-957
-957
-1240
-861
-1191
-976
-908
-797
-808
-857
-871
-824
-1025
-995
-1115
-608
-840
-603
-479
-465
-265
-549
-436
-475
-435
-465
-386
-373
-298
-234
-243
-295
-243
-362
-212
-262
-349
-824
-799
-795
-705
-975
-941
-853
-1016
-817
-798
-802
-654
-849
-714
-677
-828
-820
-814
-739
-693
-950
-787
-850
-852
-893
-1080
-868
-1030
-832
-835
-773
-680
-725
-870
-779
-770
-677
-675
-677
-620
-385
-437
-358
-386
-208
-171
-267
-186
-200
-165
-332
-178
-407
-239
-906
-1035
-574
-644
-628
-134
-137
-214
-257
-414
-354
-261
-415
-179
-179
-236
-972
-795
-928
-827
-892
-719
-1090
-813
-557
-640
-654
-639
-441
-406
-561
-376
-375
-422
-424
-467
-619
-424
-175
-175
-156
-198
-227
-182
-165
-139
-231
-190
-171
-270
-195
-844
-701
-783
-757
-142
-174
-156
-186
-210
-192
-145
-278
-286
-317
-165
-150
-186
-169
-171
-194
-210
-188
-207
-804
-944
-1033
-919
-536
-624
-538
-512
-1090
-1191
-1089
-983
-840
-811
-1114
-803
-587
-752
-682
-698
-380
-375
-481
-381
-406
-841
-971
-871
-960
-675
-546
-587
-567
-375
-2523
-458
-175
-477
-680
-526
-635
-616
-587
-787
-762
-875
-825
-499
-484
-557
-469
-597
-523
-579
-475
-243
-298
-451
-272
-479
-539
-252
-406
-838
-838
-910
-976
-625
-728
-638
-750
-449
-676
-591
-591
-574
-483
-496
-435
-741
-780
-545
-588
-666
-610
-676
-877
-515
-319
-588
-515
-496
-728
-687
-687
-656
-922
-772
-891
-1000
-685
-644
-791
-730
-834
-826
-801
-782
-516
-620
-635
-557
-771
-760
-690
-752
-863
-880
-1005
-1005
-1093
-801
-855
-947
-942
-1270
-931
-1006
-649
-696
-538
-700
-747
-859
-662
-768
-403
-527
-445
-377
-369
-367
-667
-386
-227
-407
-2005
-360
-476
-529
-607
-645
-486
-237
-385
-507
-515
-358
-445
-778
-719
-771
-753
-968
-1031
-1070
-1060
-533
-637
-539
-456
-701
-650
-544
-607
-554
-580
-753
-700
-197
-322
-257
-1224
-248
-218
-306
-258
-157
-237
-394
-266
-649
-471
-497
-590
-540
-500
-401
-257
-460
-523
-204
-566
-285
-499
-305
-1055
-319
-656
-656
-724
-515
-693
-755
-637
-598
-644
-563
-469
-721
