-432.562130
-488.795350
-420.821648
-485.010527
-253.562248
-317.014034
-118.978829
-190.112155
-44.355638
-11.922314
-162.894367
-11.525092
-7.462149
-140.712123
-6.914538
-7.338297
-86.735045
-7.167048
-134.308893
-8.188770
-6.625066
-6.702638
-6.800659
-6.288814
-93.584828
-6.167959
-6.136038
-8.076067
-8.455536
-5.721899
-7.400602
-96.773663
-6.326018
-5.601194
-6.618523
-6.265594
-5.728735
-5.478362
-5.466670
-5.699074
-5.595725
-5.470046
-5.415368
-5.720676
-5.686860
-8.801651
-8.112069
-88.316360
-5.485190
-5.601074
-6.259679
-6.001585
-5.531388
-5.512048
-81.814689
-5.826682
-5.601969
-5.498185
-5.608885
-5.691768
-6.085143
-5.496201
-5.575361
-105.220027
-5.410353
-6.300476
-5.682596
-5.193765
-5.418135
-21.104111
-5.296042
-5.647527
-5.707946
-97.607663
-42.466042
-5.523991
-5.214379
-5.561578
-5.530101
-5.482734
-5.559535
-5.683808
-5.231887
-5.103868
-7.176530
-5.217269
-7.653897
-5.367013
-6.830363
-5.065105
-5.187883
-15.148459
-88.185473
-19.017099
-71.520308
-5.396999
-58.795117
-5.220216
-12.817971
-6.267594
-106.172837
-5.667561
-76.499174
-5.154687
-5.224267
-5.000599
-5.068033
-96.654126
-4.938226
-5.037611
-5.045288
-5.072130
-4.908741
-4.916566
-5.021033
-4.919561
-5.103811
-5.141584
-9.951104
-8.794387
-5.478551
-9.879775
-5.163297
-5.131944
-5.115811
-4.921368
-5.270988
-6.560944
-5.292314
-5.296305
-5.282386
-9.150918
-5.025314
-5.044065
-7.051837
-4.732659
-20.441697
-4.965178
-5.088924
-5.127472
-4.749172
-5.305771
-5.213825
-4.940920
-6.992937
-4.994134
-11.548300
-4.920477
-7.931430
-74.812734
