-489.467545
-430.851900
-518.216615
-308.304269
-403.247173
-62.397956
-109.558235
-181.221332
-180.632701
-109.551942
-8.721121
-6.562725
-205.503981
-5.940115
-88.583656
-97.738860
-96.465083
-7.883816
-82.599339
-8.026152
-76.980659
-5.576629
-5.776284
-5.344528
-5.559075
-5.717197
-5.157925
-5.145704
-5.266717
-5.154761
-5.083230
-5.179334
-5.068383
-5.015943
-89.709814
-57.444749
-5.013200
-4.837232
-4.847454
-4.954499
-4.897314
-4.824699
-4.742046
-60.018206
-4.741139
-4.666098
-4.722955
-4.774728
-71.043099
-4.660030
-4.572636
-4.668474
-4.537444
-4.644903
-4.745925
-4.739443
-4.485105
-4.741591
-4.597477
-87.646129
-84.269675
-4.831489
-56.942247
-4.825628
-29.022961
-4.751479
-44.376804
-4.693183
-22.459028
-4.692587
-4.657706
-4.613130
-71.390944
-4.630025
-61.526912
-4.596813
-4.592352
-4.666877
-4.636655
-4.495364
-24.516173
-24.919612
-160.384377
-36.152385
-22.420532
-26.348916
-4.925518
-4.514067
-17.208542
-4.850506
-4.567167
-4.614909
-5.627517
-95.157322
-4.610136
-4.804864
-4.693840
-5.943067
-4.681254
-9.978829
-29.450741
-6.937392
-4.617736
-4.486612
-4.593548
-4.600984
-4.530998
-4.515405
-4.469858
-4.451808
-4.612241
-4.564238
-4.589948
-4.515976
-4.518449
-4.504889
-4.680244
-4.626941
-4.513653
-121.760861
-4.339131
-4.508359
-4.572236
-4.411278
-4.555385
-4.612652
-4.363559
-4.554208
-4.413615
-4.407329
-4.494236
-6.362573
-4.373140
-4.485442
-4.531708
-4.327031
-4.638312
-4.462076
-4.452542
-4.319210
-4.523462
-4.533313
-4.651977
-4.230851
-4.428071
-4.455613
-4.553062
-4.443861
-4.386360
-4.318514
