0.000000
0.000000
0.000000
0.000000
0.000000
0.000000
0.000000
0.000000
0.000000
0.000000
0.230769
0.111111
0.545455
0.533333
0.800000
0.875000
0.538462
0.800000
0.562500
0.764706
1.000000
0.971429
0.952381
1.000000
0.076923
1.000000
0.928571
0.666667
0.222222
0.954545
0.000000
0.181818
0.826087
0.971429
0.833333
0.000000
0.500000
0.692308
0.961538
0.222222
1.000000
0.954545
0.400000
0.866667
1.000000
0.000000
0.111111
0.500000
0.833333
0.111111
0.000000
0.000000
0.222222
1.000000
0.692308
0.111111
0.111111
0.888889
0.727273
0.000000
0.000000
0.111111
0.966667
0.200000
0.545455
0.222222
1.000000
0.947368
0.750000
0.984375
0.545455
0.968750
0.975000
0.181818
0.962963
0.913043
0.666667
0.926829
0.981481
1.000000
1.000000
0.933333
0.600000
0.687500
0.200000
0.966667
0.111111
0.980392
0.222222
1.000000
0.200000
0.000000
0.333333
0.971831
0.466667
0.333333
0.684211
0.964286
0.000000
0.000000
0.100000
0.111111
0.428571
0.300000
0.972973
0.984127
1.000000
0.272727
0.538462
1.000000
1.000000
0.982456
1.000000
1.000000
1.000000
1.000000
1.000000
1.000000
0.000000
0.461538
0.789474
0.461538
1.000000
1.000000
0.785714
1.000000
1.000000
0.200000
0.809524
0.985294
0.733333
0.200000
1.000000
1.000000
0.642857
1.000000
0.969231
1.000000
0.984127
1.000000
1.000000
0.916667
0.920000
1.000000
0.600000
1.000000
0.727273
1.000000
0.111111
0.600000
