0.000000
0.000000
0.030303
0.062500
0.052632
0.000000
0.000000
0.000000
0.000000
0.000000
0.000000
0.222222
0.000000
0.750000
0.500000
0.454545
0.636364
0.363636
0.769231
0.222222
0.857143
1.000000
0.636364
1.000000
0.111111
0.000000
1.000000
1.000000
0.636364
1.000000
1.000000
1.000000
1.000000
1.000000
0.500000
0.947368
1.000000
1.000000
1.000000
0.833333
1.000000
1.000000
1.000000
0.888889
1.000000
1.000000
1.000000
0.333333
0.800000
1.000000
1.000000
1.000000
0.941176
1.000000
1.000000
1.000000
1.000000
1.000000
1.000000
0.583333
0.920000
1.000000
0.894737
1.000000
0.975610
0.769231
0.920000
1.000000
0.982143
1.000000
1.000000
1.000000
0.800000
0.888889
0.942857
1.000000
1.000000
1.000000
1.000000
1.000000
0.980000
0.979592
0.307692
0.937500
0.982143
0.978261
0.933333
1.000000
0.987342
1.000000
1.000000
1.000000
0.900000
0.166667
1.000000
1.000000
1.000000
0.807692
1.000000
0.000000
0.975000
0.300000
1.000000
1.000000
1.000000
1.000000
0.969697
1.000000
1.000000
1.000000
1.000000
1.000000
1.000000
0.642857
1.000000
1.000000
0.800000
1.000000
1.000000
0.882353
0.875000
1.000000
1.000000
1.000000
1.000000
1.000000
0.941176
1.000000
1.000000
1.000000
1.000000
0.272727
1.000000
1.000000
1.000000
0.857143
0.400000
1.000000
1.000000
1.000000
1.000000
1.000000
0.980392
1.000000
1.000000
1.000000
1.000000
1.000000
1.000000
1.000000
