0.038255
0.033725
0.034065
0.026736
0.024908
0.023639
0.023148
0.017612
0.022542
0.028182
0.024704
0.025408
0.025862
0.026199
0.030865
0.024578
0.025498
0.026867
0.024600
0.024616
0.027982
0.025968
0.026602
0.027473
0.027958
0.028262
0.027212
0.025495
0.025779
0.026930
0.027193
0.027782
0.027368
0.024904
0.035149
0.033590
0.029174
0.031187
0.030825
0.028179
0.027704
0.028815
0.031105
0.034846
0.034254
0.033257
0.036455
0.037171
0.026541
0.029731
0.025350
0.029699
0.032398
0.030741
0.029295
0.028935
0.025494
0.028433
0.023602
0.026780
0.029551
0.028798
0.027084
0.025965
0.030350
0.025946
0.028465
0.030103
0.031687
0.030422
0.025944
0.030636
0.029948
0.032861
0.030487
0.029749
0.024368
0.028837
0.031065
0.025392
0.023428
0.024297
0.020181
0.028910
0.027998
0.029058
0.031205
0.031248
0.032179
0.029635
0.027257
0.030401
0.029675
0.029375
0.030129
0.037370
0.032217
0.032816
0.038513
0.027752
0.031297
0.033817
0.030396
0.034371
0.033502
0.032461
0.033435
0.037864
0.037408
0.033677
0.035477
0.038000
0.034213
0.031679
0.033197
0.033633
0.033969
0.029874
0.045563
0.032595
0.034598
0.031504
0.040470
0.033430
0.031538
0.033884
0.034996
0.029631
0.031554
0.029433
0.034718
0.037129
0.033821
0.029951
0.035508
0.036202
0.037145
0.034803
0.038011
0.027510
0.023265
0.031242
0.022878
0.034490
0.026535
0.037482
0.034287
0.035457
0.034941
0.036208
