0.037985
0.035770
0.034049
0.020221
0.041406
0.022964
0.027057
0.022812
0.024166
0.026987
0.023562
0.023006
0.024493
0.023969
0.025280
0.023886
0.026171
0.022715
0.024839
0.025036
0.023526
0.023927
0.024736
0.029326
0.029597
0.021687
0.023233
0.024436
0.025642
0.026225
0.026977
0.028182
0.025331
0.019170
0.029116
0.036859
0.021270
0.020187
0.023886
0.024260
0.018895
0.022928
0.027451
0.028744
0.024916
0.027933
0.021133
0.026081
0.030080
0.027629
0.029676
0.030504
0.030226
0.029829
0.031157
0.028137
0.033618
0.028761
0.034826
0.032979
0.029994
0.035310
0.031960
0.033577
0.036533
0.037123
0.030770
0.039146
0.035356
0.038376
0.035462
0.036404
0.036284
0.037425
0.038296
0.034727
0.033302
0.037993
0.032137
0.040635
0.038376
0.041842
0.042150
0.036081
0.039465
0.036631
0.034252
0.038225
0.036752
0.037338
0.035924
0.035394
0.032046
0.033137
0.034125
0.030116
0.033689
0.038770
0.040369
0.036314
0.034590
0.032028
0.036673
0.035300
0.037511
0.040133
0.037420
0.040857
0.032088
0.035635
0.036406
0.034396
0.038076
0.038393
0.032730
0.034450
0.036733
0.037221
0.035709
0.036337
0.037765
0.038481
0.031816
0.037578
0.038256
0.038168
0.037195
0.038180
0.036392
0.031514
0.039176
0.036565
0.036233
0.033041
0.037928
0.036808
0.039619
0.038975
0.038061
0.038858
0.038474
0.036586
0.031455
0.034860
0.031414
0.037668
0.038695
0.046750
0.038723
0.035589
