0.038594
0.031865
0.032400
0.027220
0.031920
0.022529
0.018507
0.024616
0.026411
0.023322
0.024194
0.024350
0.024958
0.025475
0.026922
0.025969
0.028204
0.022606
0.024805
0.019296
0.020054
0.020277
0.022008
0.026602
0.025481
0.024077
0.028502
0.026567
0.026076
0.026407
0.025980
0.024747
0.023872
0.025506
0.027670
0.024025
0.024881
0.025972
0.022075
0.025773
0.027415
0.028547
0.021422
0.029751
0.026549
0.029457
0.028100
0.028473
0.026583
0.025317
0.027688
0.028422
0.031248
0.030664
0.031115
0.028582
0.025285
0.024842
0.031558
0.029738
0.030544
0.030759
0.028182
0.030401
0.034366
0.034740
0.029510
0.033057
0.033901
0.032792
0.035664
0.034279
0.031562
0.026655
0.035870
0.025927
0.029189
0.033483
0.023571
0.033680
0.028045
0.031522
0.035348
0.032946
0.036005
0.035071
0.029841
0.034312
0.036317
0.037332
0.036863
0.035712
0.038454
0.037614
0.037135
0.038062
0.040186
0.037958
0.029550
0.035478
0.037692
0.026450
0.035055
0.025874
0.032762
0.034849
0.040614
0.035256
0.039512
0.034796
0.035537
0.036518
0.039272
0.032543
0.041142
0.037950
0.038425
0.038662
0.040026
0.038591
0.033213
0.038501
0.037499
0.040239
0.037663
0.033506
0.039010
0.038105
0.036023
0.039713
0.022416
0.032976
0.021600
0.023016
0.032115
0.034743
0.021685
0.019441
0.029455
0.027936
0.038879
0.041317
0.026948
0.039792
0.042256
0.033068
0.040717
0.040202
0.037752
0.041509
