-182.681124
-137.901871
-176.390065
-44.122399
-43.744344
-6.483173
-102.781798
-5.555128
-8.209084
-9.063140
-8.928414
-9.955136
-7.968642
-6.625217
-6.817739
-8.141976
-7.713625
-7.576313
-6.273468
-6.614700
-6.895309
-6.193997
-6.002783
-5.797497
-8.344635
-6.112074
-6.701383
-5.638233
-6.083706
-5.277469
-5.201564
-5.081734
-8.555956
-9.804910
-5.157238
-6.805409
-11.461685
-9.478832
-7.837597
-5.999935
-7.384198
-6.926439
-5.269639
-5.311562
-5.676806
-5.218687
-9.147949
-7.524025
-5.029798
-5.530517
-5.955434
-4.893151
-4.924985
-5.135347
-6.044819
-8.510370
-4.620400
-5.598929
-4.993503
-6.404411
-5.408397
-4.808505
-5.006147
-4.772540
-4.576969
-4.667493
-8.812667
-4.608605
-5.341155
-4.494783
-6.599766
-4.528310
-4.605913
-4.543758
-4.581641
-4.369173
-4.958587
-4.509054
-5.020318
-4.628739
-4.442801
-4.549594
-4.564905
-8.438025
-4.485380
-4.494435
-4.751479
-4.415655
-4.467833
-4.318991
-4.370745
-5.516896
-4.408161
-4.500336
-4.283977
-5.218818
-4.574117
-4.351602
-4.420532
-4.372992
-4.764103
-4.653457
-4.383539
-4.330918
-4.422968
-4.489600
-4.513173
-6.275439
-4.692504
-4.437655
-4.291991
-4.257289
-4.523822
-4.513251
-5.775179
-4.188575
-4.433789
-4.417839
-4.099769
-4.269826
-4.035131
-4.188968
-5.590838
-4.498436
-4.510439
-4.348371
-4.275736
-4.564825
-4.261509
-5.301876
-4.461687
-4.116621
-4.057855
-5.592270
-4.323946
-3.881628
-4.380891
-4.077553
-4.028645
-4.293568
-3.851550
-4.174321
-6.825717
-5.449767
-5.136856
-4.348508
-4.348184
-5.209726
-4.434563
-4.580217
