-159.478228
-56.177768
-70.503765
-62.687556
-58.103887
-7.672259
-9.079147
-8.559978
-6.767292
-6.518071
-6.691010
-5.975389
-58.584956
-5.945390
-5.982886
-6.059629
-7.145315
-11.218586
-6.796120
-7.172831
-7.398822
-7.669275
-7.025304
-6.908833
-6.625292
-6.605627
-9.130684
-8.409568
-7.851690
-6.076829
-6.079477
-6.212281
-5.914688
-6.793737
-5.669326
-6.131662
-5.693424
-5.578637
-16.876002
-5.511768
-5.303527
-5.463786
-10.094840
-6.488468
-5.439831
-5.275894
-12.590570
-5.287161
-5.608474
-5.971022
-5.142358
-5.290168
-5.109868
-6.205357
-5.054821
-5.096208
-8.447554
-8.711229
-4.789526
-5.728355
-4.968625
-4.992171
-6.988213
-5.687986
-4.923140
-4.941642
-5.781128
-4.994772
-4.929265
-5.563986
-5.022571
-4.828714
-7.044197
-5.618297
-4.714517
-6.678560
-5.187503
-5.001084
-8.559102
-4.876282
-50.985056
-4.645441
-4.935639
-4.725984
-4.940864
-4.661158
-6.212301
-5.187553
-4.791412
-4.794967
-4.794684
-4.505867
-4.751560
-4.779810
-4.498089
-4.507275
-4.770756
-4.411340
-5.731311
-6.972505
-4.718949
-10.040265
-4.829660
-6.166741
-5.076583
-4.700789
-4.796725
-4.942934
-4.516893
-5.460500
-4.696827
-4.733155
-4.567826
-5.178376
-4.725084
-4.579141
-4.746943
-4.693797
-4.607002
-4.484580
-5.087529
-4.667280
-4.503372
-4.563787
-4.228791
-5.082281
-4.671442
-4.655979
-4.727465
-4.545197
-6.258505
-5.208121
-6.562041
-6.266974
-4.891760
-4.582829
-7.932220
-6.520646
-5.367343
-5.448816
-4.317820
-4.451042
-5.737269
-4.105899
-4.302783
-5.164051
-4.411391
-4.237318
-4.399284
-4.432913
