-197.994674
-186.031165
-156.490877
-57.855728
-60.441123
-33.114440
-42.221278
-5.515309
-4.963355
-6.963572
-5.798504
-8.475722
-4.681743
-4.615736
-4.419172
-7.421006
-8.507752
-40.630817
-7.660035
-4.785245
-4.542238
-4.618199
-4.456273
-4.631657
-7.331031
-4.890109
-4.457980
-4.382800
-8.210818
-4.417821
-4.327363
-4.300953
-9.845847
-8.934501
-4.216657
-4.085655
-4.251510
-4.167972
-8.917376
-11.451135
-4.207041
-8.220700
-4.157222
-4.041623
-4.097371
-4.103556
-3.982364
-4.026445
-4.521356
-4.187179
-4.447626
-9.114927
-4.053216
-3.858827
-3.865025
-3.932065
-7.527366
-6.414650
-9.766833
-4.032104
-5.371716
-5.565385
-11.292368
-4.251243
-6.825514
-4.397137
-4.042104
-6.024994
-4.841308
-9.334284
-4.285298
-6.088059
-6.467134
-7.331376
-7.585727
-3.844961
-7.189802
-7.337907
-3.833863
-7.481315
-4.627797
-4.382319
-6.768270
-4.155483
-4.174706
-5.082505
-3.813200
-4.949846
-4.796253
-4.190784
-4.241382
-3.946783
-4.365048
-3.834700
-4.107709
-3.603025
-4.895051
-3.753990
-8.255953
-4.520545
-3.806688
-3.560225
-3.721295
-3.643992
-3.630796
-3.619620
-5.247218
-3.525639
-4.350164
-3.576311
-3.517724
-3.974029
-3.542840
-3.801169
-3.523250
-3.418359
-3.536237
-4.086330
-4.266299
-3.776973
-3.508287
-3.683743
-4.351167
-3.441940
-3.775357
-3.490896
-3.674260
-3.927079
-3.802758
-4.101740
-3.385943
-3.620902
-3.597029
-4.127857
-3.401839
-3.564595
-3.481604
-3.423974
-3.348120
-4.581073
-4.813469
-4.523767
-5.245201
-3.523560
-4.746101
-3.675457
-3.547203
-3.419649
-3.525415
-3.894967
