0.000000
0.000000
0.000000
0.000000
0.000000
0.000000
0.000000
0.111111
0.111111
0.000000
0.111111
0.400000
0.000000
0.222222
0.111111
0.000000
0.111111
0.000000
0.000000
0.000000
0.000000
0.000000
0.000000
0.000000
0.000000
0.000000
0.000000
0.000000
0.000000
0.300000
0.222222
0.111111
0.555556
0.500000
0.928571
0.750000
0.769231
0.909091
0.090909
0.692308
1.000000
0.894737
0.583333
0.727273
0.454545
0.866667
0.300000
0.454545
0.111111
0.333333
0.333333
0.846154
0.833333
0.636364
0.916667
0.500000
0.200000
0.222222
0.222222
0.545455
0.666667
0.333333
0.111111
0.333333
0.111111
0.111111
0.000000
0.222222
0.000000
0.000000
0.000000
0.545455
0.400000
0.000000
0.000000
0.636364
0.222222
0.333333
0.400000
0.733333
0.363636
0.222222
0.937500
0.545455
0.769231
0.222222
0.857143
0.857143
0.875000
0.666667
0.733333
0.400000
0.812500
0.812500
0.333333
0.666667
0.777778
0.111111
0.875000
0.687500
0.687500
0.571429
0.750000
0.857143
0.538462
0.666667
0.920000
0.833333
0.615385
0.882353
0.571429
0.714286
0.866667
1.000000
1.000000
0.666667
0.842105
0.888889
1.000000
0.857143
0.812500
0.958333
0.583333
1.000000
0.769231
0.812500
1.000000
1.000000
0.812500
0.956522
0.636364
0.894737
0.500000
0.538462
0.785714
0.642857
0.583333
0.444444
0.812500
0.785714
0.875000
1.000000
0.700000
0.500000
0.947368
0.846154
1.000000
1.000000
0.769231
1.000000
