0.000000
0.000000
0.000000
0.000000
0.000000
0.000000
0.000000
0.000000
0.111111
0.000000
0.000000
0.000000
0.000000
0.000000
0.000000
0.000000
0.000000
0.000000
0.000000
0.000000
0.000000
0.000000
0.000000
0.000000
0.000000
0.000000
0.000000
0.000000
0.000000
0.000000
0.000000
0.111111
0.000000
0.000000
0.000000
0.000000
0.000000
0.000000
0.000000
0.000000
0.000000
0.000000
0.000000
0.000000
0.000000
0.000000
0.000000
0.000000
0.000000
0.000000
0.000000
0.000000
0.000000
0.000000
0.400000
0.300000
0.000000
0.363636
0.000000
0.111111
0.500000
0.714286
0.100000
0.000000
0.300000
0.000000
0.111111
0.416667
0.636364
0.181818
0.000000
0.500000
0.300000
0.200000
0.300000
0.769231
0.200000
0.363636
0.714286
0.000000
0.000000
0.111111
0.000000
0.111111
0.000000
0.400000
0.866667
0.000000
0.111111
0.222222
0.222222
0.500000
0.000000
0.222222
0.000000
0.692308
0.666667
0.636364
0.100000
0.111111
0.222222
0.500000
0.400000
0.875000
0.500000
0.833333
0.944444
1.000000
0.600000
0.750000
0.692308
0.666667
0.944444
0.636364
0.923077
0.846154
0.692308
0.800000
0.666667
0.933333
1.000000
0.846154
0.692308
0.857143
0.692308
0.947368
0.909091
0.785714
0.333333
0.454545
0.833333
0.960000
0.923077
0.866667
0.941176
0.954545
0.956522
0.947368
0.800000
0.666667
0.583333
0.500000
0.500000
0.961538
0.583333
1.000000
0.947368
0.958333
0.909091
0.812500
