0.000000
0.000000
0.000000
0.000000
0.000000
0.333333
0.142857
0.300000
0.222222
0.687500
0.000000
0.000000
0.100000
0.000000
0.300000
0.000000
0.000000
0.000000
0.000000
0.000000
0.000000
0.000000
0.000000
0.000000
0.000000
0.000000
0.000000
0.000000
0.000000
0.111111
0.545455
0.692308
0.000000
0.000000
0.882353
0.000000
0.200000
0.000000
0.200000
0.300000
0.000000
0.000000
0.882353
0.222222
0.111111
0.272727
0.000000
0.200000
0.333333
0.000000
0.000000
0.111111
0.222222
0.111111
0.000000
0.000000
0.111111
0.000000
0.300000
0.545455
0.200000
0.333333
0.300000
0.666667
0.400000
0.875000
0.300000
0.941176
0.583333
0.750000
0.200000
0.400000
0.583333
0.400000
0.111111
0.600000
0.500000
0.300000
0.400000
0.882353
0.545455
1.000000
0.952381
0.363636
1.000000
0.300000
0.545455
0.222222
0.400000
0.111111
0.111111
0.400000
0.111111
0.111111
0.222222
0.545455
0.545455
0.950000
0.956522
0.785714
0.733333
0.733333
0.777778
0.875000
0.833333
1.000000
1.000000
0.769231
0.800000
1.000000
0.909091
0.812500
1.000000
1.000000
0.400000
0.636364
1.000000
1.000000
0.583333
0.944444
0.714286
1.000000
0.750000
1.000000
0.666667
1.000000
0.882353
1.000000
0.941176
0.600000
1.000000
0.866667
0.769231
0.500000
1.000000
0.400000
0.962963
0.714286
0.500000
1.000000
0.000000
0.809524
0.545455
0.666667
0.769231
0.962963
1.000000
0.692308
0.968750
0.846154
