-411.589247
-338.121517
-640.084342
-451.539559
-408.651951
-328.715675
-277.340304
-97.993639
-9.744172
-84.073725
-7.787717
-92.091418
-9.154366
-14.029127
-9.315710
-8.424532
-37.276771
-10.785863
-208.815809
-9.524370
-14.227454
-12.643238
-11.280100
-107.291878
-53.791158
-7.085642
-105.823074
-6.131262
-10.633922
-5.509221
-6.273749
-7.935846
-7.718489
-5.898429
-7.805959
-5.399920
-141.425054
-5.522952
-117.310117
-5.291770
-88.158415
-99.813482
-8.160225
-7.483753
-5.039726
-5.236391
-81.900618
-5.816488
-47.974110
-49.155223
-86.683058
-6.214460
-5.821579
-18.625142
-5.107275
-5.248011
-4.968950
-5.161079
-10.967450
-5.184202
-108.073601
-7.317189
-7.597010
-6.106136
-7.224074
-5.117756
-5.644635
-6.425668
