0.000000
0.000000
0.000000
0.000000
0.000000
0.176471
0.307692
0.272727
0.111111
0.615385
0.692308
0.250000
0.545455
0.363636
0.857143
0.857143
0.970588
0.333333
0.000000
0.222222
0.000000
0.000000
0.000000
0.200000
0.761905
0.000000
0.200000
0.875000
0.000000
0.950000
0.222222
0.000000
0.400000
0.444444
0.363636
0.750000
0.181818
0.222222
0.000000
0.750000
0.500000
0.090909
0.111111
0.400000
0.750000
0.400000
0.692308
0.846154
0.916667
0.913043
0.214286
1.000000
1.000000
0.000000
0.666667
0.545455
0.500000
0.300000
0.000000
0.000000
0.000000
0.000000
0.000000
0.000000
0.111111
0.111111
0.000000
0.000000
