0.052653
0.033744
0.034059
0.025817
0.026425
0.017928
0.025992
0.022441
0.022721
0.021458
0.026727
0.025382
0.022030
0.027572
0.018628
0.021052
0.023382
0.015856
0.020762
0.017861
0.021684
0.022549
0.020010
0.022014
0.023200
0.024437
0.028604
0.025217
0.024134
0.028549
0.022167
0.028261
0.023285
0.022795
0.027041
0.027557
0.027705
0.027635
0.027283
0.030575
0.028288
0.029138
0.038168
0.027349
0.029883
0.031990
0.025776
0.030991
0.030152
0.029799
0.031811
0.033326
0.032547
0.034777
0.038070
0.036423
0.037183
0.050839
0.025991
0.028290
0.029031
0.038171
0.034336
0.031251
0.026301
0.042519
0.035440
0.029767
0.027728
0.032189
0.032691
0.037435
0.026736
0.034698
0.032783
0.036508
0.040777
0.037465
0.054603
0.025977
0.038330
0.040701
0.037405
0.022927
0.026240
0.030533
0.037189
0.035571
0.025487
0.038109
0.039825
0.039770
0.035737
0.032194
0.032895
0.030178
0.041087
0.038800
0.036958
0.042348
0.041059
0.042112
0.042133
0.032936
0.038197
0.039621
0.040096
0.041047
0.036411
0.031144
0.029603
0.032454
0.040941
0.044608
0.074512
0.041767
0.039100
0.031925
0.030337
0.035581
0.042174
0.042675
0.035860
0.037156
0.071937
0.040499
0.024034
0.036953
0.045065
0.046184
0.043893
0.029773
0.040418
0.037563
0.040282
0.042197
0.046969
0.045598
0.049232
0.047125
0.033648
0.041353
0.042346
0.046761
0.031990
0.043577
0.086245
0.042714
0.036325
0.032848
