0.037934
0.033290
0.035137
0.027951
0.029489
0.024035
0.028536
0.021420
0.021581
0.020013
0.017476
0.027982
0.028390
0.020692
0.017902
0.017358
0.016784
0.031619
0.017385
0.023608
0.015994
0.029976
0.017772
0.015493
0.015318
0.015658
0.014996
0.032891
0.016488
0.016764
0.017437
0.015069
0.014639
0.015397
0.014278
0.029266
0.071832
0.029126
0.019207
0.030044
0.016155
0.014789
0.031676
0.032029
0.031816
0.015304
0.015700
0.014854
0.029932
0.020168
0.030249
0.016282
0.029631
0.018227
0.014907
0.029756
0.017392
0.015061
0.015120
0.016222
0.014951
0.014709
0.014667
0.014169
0.014977
0.015302
0.014671
0.014901
0.017220
0.016311
0.016642
0.017305
0.016077
0.019260
0.018837
0.017130
0.018757
0.016294
0.018009
0.015277
0.023022
0.021913
0.026378
0.023060
0.019609
0.024817
0.024358
0.022263
0.019305
0.023888
0.017718
0.027347
0.017781
0.021453
0.017385
0.027131
0.029224
0.027575
0.027137
0.017569
0.019242
0.020355
0.026961
0.036973
0.020301
0.024401
0.015287
0.024325
0.024445
0.025069
0.020151
0.020952
0.023939
0.018972
0.016675
0.019641
0.021329
0.022795
0.018852
0.017822
0.020156
0.015863
0.018429
0.029103
0.020836
0.021139
0.019168
0.018400
0.028211
0.017844
0.016648
0.016517
0.041020
0.025936
0.023161
0.016151
0.020786
0.019103
0.025957
0.047267
0.017235
0.017577
0.030150
0.025563
0.024605
0.026876
0.026636
0.023642
0.018441
0.017860
