0.036809
0.031407
0.029138
0.023984
0.021337
0.026752
0.024776
0.021786
0.025517
0.018930
0.022965
0.021485
0.022096
0.018705
0.020912
0.020893
0.023516
0.023670
0.022752
0.022098
0.023716
0.025794
0.030225
0.032677
0.030419
0.033300
0.033647
0.032830
0.031736
0.034328
0.033157
0.032649
0.033546
0.031087
0.033705
0.037461
0.038772
0.039725
0.035094
0.036857
0.037036
0.034467
0.039165
0.042831
0.037306
0.038792
0.041503
0.039176
0.041630
0.040766
0.042071
0.041358
0.042837
0.043112
0.043465
0.043763
0.041427
0.043572
0.044897
0.030255
0.044392
0.043198
0.031391
0.043581
0.044848
0.044903
0.043954
0.033441
0.044968
0.046286
0.048760
0.046455
0.042437
0.045889
0.042216
0.040682
0.043546
0.039503
0.035781
0.039993
0.045980
0.043601
0.045095
0.045528
0.046446
0.043997
0.047794
0.046379
0.043863
0.044408
0.044647
0.046682
0.043564
0.042029
0.044623
0.047053
0.043813
0.045888
0.047480
0.047707
0.046990
0.046568
0.045492
0.044632
0.044129
0.047683
0.045364
0.041917
0.047409
0.042686
0.043550
0.046611
0.046778
0.049223
0.043831
0.043314
0.046409
0.046392
0.048196
0.046263
0.046944
0.048018
0.045350
0.040913
0.045290
0.047379
0.046761
0.045935
0.045847
0.032851
0.034753
0.046222
0.035233
0.045251
0.044821
0.033660
0.045386
0.044159
0.045205
0.045618
0.043067
0.044027
0.034037
0.042804
0.045418
0.045330
0.044471
0.036818
0.043276
0.045767
