0.035807
0.033079
0.031263
0.023497
0.026101
0.035907
0.019009
0.025266
0.022093
0.020360
0.023799
0.022076
0.023307
0.022574
0.022871
0.022664
0.023196
0.022276
0.019011
0.024117
0.018484
0.021286
0.023108
0.017452
0.023008
0.026454
0.024300
0.025868
0.024707
0.025940
0.025982
0.022375
0.025665
0.026998
0.024516
0.026121
0.025995
0.028762
0.025604
0.028754
0.027197
0.022963
0.023237
0.027730
0.027977
0.028160
0.030747
0.029371
0.028665
0.028937
0.030434
0.023806
0.027062
0.031985
0.031904
0.034587
0.033651
0.032965
0.033570
0.030457
0.033194
0.035034
0.033539
0.034817
0.035348
0.034792
0.024778
0.038672
0.039629
0.038848
0.032601
0.038795
0.040046
0.040812
0.037272
0.035207
0.033630
0.027240
0.025748
0.037631
0.039999
0.038807
0.039489
0.040366
0.036133
0.041756
0.042152
0.025995
0.042604
0.042394
0.044993
0.030643
0.043426
0.041507
0.036723
0.036566
0.028395
0.042123
0.042398
0.031988
0.037518
0.038900
0.031495
0.034833
0.043554
0.036058
0.041483
0.039986
0.044369
0.039504
0.037688
0.039728
0.044721
0.036580
0.039337
0.041530
0.044003
0.037351
0.034390
0.038689
0.042072
0.038862
0.045748
0.029351
0.043689
0.043995
0.028207
0.025084
0.043497
0.037221
0.041280
0.031610
0.043091
0.048758
0.046503
0.032960
0.044862
0.034049
0.042629
0.031750
0.036595
0.024287
0.030505
0.024571
0.042701
0.040590
0.040970
0.038565
0.037323
0.041617
