0.032912
0.034668
0.030570
0.028939
0.023086
0.022859
0.022461
0.026003
0.025503
0.023455
0.023224
0.025708
0.022355
0.018029
0.023962
0.023972
0.022001
0.025379
0.022061
0.020191
0.023597
0.025315
0.025837
0.022602
0.024276
0.032283
0.025552
0.027153
0.024808
0.026180
0.032017
0.022605
0.025837
0.021710
0.025760
0.025158
0.027573
0.018187
0.029185
0.021950
0.027135
0.024251
0.020710
0.029466
0.027408
0.025441
0.025598
0.025362
0.026307
0.029776
0.029091
0.025521
0.026839
0.033769
0.032308
0.033351
0.026627
0.032537
0.036136
0.032889
0.035820
0.030351
0.053996
0.028402
0.034562
0.035395
0.036598
0.028198
0.030940
0.049370
0.035982
0.035372
0.036638
0.036164
0.034491
0.032758
0.035515
0.038667
0.036589
0.039622
0.036192
0.037477
0.041176
0.034029
0.027514
0.039405
0.036920
0.036670
0.037146
0.037861
0.034968
0.034967
0.038088
0.038838
0.038134
0.033875
0.038594
0.037750
0.033727
0.038048
0.043175
0.041305
0.040189
0.041807
0.040077
0.030592
0.031121
0.032747
0.034430
0.043558
0.043589
0.040402
0.041881
0.037590
0.044521
0.042044
0.039935
0.042369
0.040576
0.037922
0.042399
0.040491
0.041405
0.036243
0.040704
0.038728
0.039270
0.040237
0.041181
0.036505
0.040999
0.039011
0.041679
0.041067
0.032370
0.041201
0.040410
0.033428
0.042158
0.041503
0.040736
0.033330
0.037905
0.039599
0.040703
0.036721
0.043265
0.038660
0.042780
0.043066
