-134.136112
-120.505332
-131.777899
-12.822668
-10.529052
-11.751677
-12.304734
-30.570439
-12.611239
-7.992336
-8.200698
-8.220726
-8.671481
-8.301552
-8.527838
-7.776749
-8.618047
-8.367522
-8.928151
-8.800489
-9.999131
-8.281527
-8.240779
-10.297450
-8.226504
-8.431111
-7.733082
-7.807619
-8.190854
-8.049409
-8.290158
-8.603984
-7.652068
-7.885654
-8.572080
-7.424628
-7.739046
-7.273143
-11.155455
-7.174031
-7.587878
-8.741348
-8.537629
-7.719928
-7.092815
-7.365474
-22.576336
-7.030656
-7.114196
-8.018980
-6.588576
-8.783678
-7.530716
-6.757959
-6.546779
-6.171218
-6.304272
-6.689769
-6.445758
-7.221741
-6.593743
-6.132286
-6.946195
-6.442962
-6.046266
-6.181144
-8.753387
-5.901393
-5.916593
-5.511487
-6.922723
-5.585123
-5.565053
-5.504166
-6.010748
-6.665627
-6.404214
-8.009388
-8.095444
-5.519608
-5.317584
-5.808684
-5.765135
-5.596201
-6.101948
-5.269127
-5.315602
-8.356043
-5.532653
-5.177835
-4.995236
-7.929401
-5.010436
-5.501157
-6.176826
-5.999007
-7.689001
-5.061261
-5.006273
-7.495529
-5.512278
-5.789022
-7.326583
-9.723452
-5.372139
-6.472665
-5.153580
-6.238156
-4.972839
-5.681541
-5.788535
-5.464785
-4.927043
-6.089814
-5.569127
-5.249332
-4.967909
-6.036501
-6.934258
-5.245457
-5.062286
-6.022609
-4.856434
-8.026157
-4.780372
-5.448312
-7.934991
-8.892218
-4.635770
-6.175854
-5.288536
-7.064265
-5.006204
-4.442131
-4.688210
-7.307297
-10.959226
-6.477566
-5.214853
-7.695270
-5.402371
-8.408540
-7.266059
-8.962045
-5.085043
-5.391811
-5.241789
-5.997899
-5.756903
-5.305561
