-175.147857
-133.282715
-122.803694
-99.738807
-22.666643
-16.954681
-5.791499
-42.808629
-5.428363
-6.204468
-7.911948
-17.068870
-6.080137
-7.463060
-5.687451
-5.333601
-6.595486
-7.828639
-8.174438
-7.145410
-6.066162
-8.182394
-5.147032
-6.322153
-5.635567
-5.510184
-5.120608
-4.856999
-8.904972
-5.233349
-5.169835
-6.495890
-5.130516
-5.967875
-5.360793
-5.609210
-5.745007
-7.151807
-4.596946
-5.788188
-5.491546
-5.673444
-7.022490
-4.507405
-5.402133
-5.309319
-5.135770
-6.029909
-4.849670
-5.160740
-4.491432
-5.979768
-4.746149
-4.236785
-4.748314
-5.292998
-5.339105
-4.282433
-4.498895
-5.193497
-4.230655
-5.456579
-4.772954
-5.540589
-4.369163
-11.008651
-13.722445
-19.062594
-9.406393
-10.070986
-7.205937
-4.168218
-4.022859
-4.242176
-5.549185
-5.401664
-4.043817
-4.016192
-4.243855
-3.793827
-4.950335
-4.135268
-3.719529
-4.617190
-5.158359
-4.214974
-3.764714
-4.385309
-4.419340
-4.104520
-4.490869
-4.177502
-4.013365
-3.915928
-4.249420
-4.984270
-4.157308
-4.045603
-4.427909
-5.095029
-4.018736
-3.623293
-3.921958
-3.718220
-4.074372
-4.956816
-4.812940
-5.022132
-4.904952
-3.573927
-3.530816
-4.432382
-3.629575
-4.935452
-4.230484
-3.796231
-3.786568
-3.720523
-3.862512
-4.522344
-4.069645
-3.953288
-4.096531
-4.220123
-3.751565
-4.856457
-3.839202
-3.755178
-3.600940
-6.983408
-3.804765
-3.814575
-3.619643
-4.455581
-4.576001
-3.700829
-3.998544
-4.430438
-3.866236
-4.029893
-3.933027
-5.318599
-4.041369
-3.977077
-3.893260
-4.376859
-3.832494
-4.203067
-4.061059
-4.022811
