-159.198708
-141.484056
-141.710328
-76.868093
-32.018306
-8.680092
-9.893843
-10.417982
-36.054321
-7.925132
-8.171457
-7.451689
-7.864533
-7.408022
-23.829959
-9.293898
-8.106005
-7.490841
-7.289340
-9.537852
-15.007565
-9.970094
-36.402230
-35.212059
-44.066123
-7.832164
-8.080390
-38.853761
-118.586857
-44.695132
-7.051401
-127.683405
-7.718879
-7.401497
-6.821785
-6.677936
-6.715797
-6.382684
-7.016230
-7.902721
-6.569703
-6.743469
-5.957077
-6.573394
-7.059757
-5.714784
-5.815836
-6.108543
-6.372367
-6.282002
-5.822395
-5.963241
-5.464728
-6.859907
-5.525835
-5.618878
-5.470451
-6.445365
-6.382639
-5.683199
-5.662309
-6.123501
-6.185994
-6.033499
-5.279714
-6.254812
-5.466673
-5.493166
-42.899702
-5.482229
-5.729365
-7.611590
-6.041686
-5.159656
-5.242811
-5.999777
-4.982009
-5.694808
-5.306865
-6.595935
-5.055404
-5.242420
-5.079212
-5.315381
-7.417987
-5.163602
-6.281913
-6.114128
-5.429820
-5.432060
-6.187914
-5.535138
-5.961137
-5.565605
-5.653598
-5.128715
-5.565811
-5.717268
-5.296887
-5.539054
-5.080309
-6.595681
-5.229176
-6.453765
-5.030236
-5.110896
-4.830779
-4.784361
-4.835169
-4.964355
-4.584089
-5.147371
-4.854054
-4.766599
-4.819423
-5.339299
-4.828256
-5.199521
-6.401172
-6.477623
-5.263996
-4.522357
-5.201652
-4.913918
-4.952521
-5.870484
-5.697582
-6.251791
-5.269904
-5.588061
-5.090783
-5.672578
-5.097683
-5.291409
-5.405059
-5.338161
-5.881485
-5.178722
-4.997223
-5.052467
-5.084162
-5.214000
-5.867160
-5.173218
-5.420544
-5.336662
-5.143017
-5.060667
-5.320459
-5.240713
