-108.845167
-113.712572
-115.144221
-80.508299
-28.125418
-56.664036
-5.475060
-5.823398
-3.580003
-6.282940
-3.602992
-3.225696
-3.642549
-4.648453
-3.846852
-3.729266
-3.484934
-3.298573
-3.698721
-3.504427
-4.043664
-3.638377
-3.510249
-3.385617
-2.898483
-3.076184
-2.786316
-3.725665
-3.616063
-2.932574
-3.975694
-3.601323
-3.364662
-3.054896
-2.988370
-2.824715
-2.914652
-3.941237
-3.312649
-2.757541
-3.052065
-2.706609
-2.708327
-2.532361
-2.516080
-3.450655
-3.330780
-2.543985
-2.573974
-2.568711
-2.534229
-2.838635
-3.027356
-3.071417
-2.729084
-2.813275
-2.484917
-2.720590
-3.163878
-3.054977
-3.038395
-3.460219
-3.172712
-3.123907
-3.511564
-2.962086
-3.008777
-2.545077
-2.651343
-2.698786
-3.144146
-2.836524
-2.540721
-2.382042
-3.761429
-2.892744
-3.777664
-2.782609
-4.136230
-3.026596
-2.888859
-2.651934
-4.225412
-3.155330
-2.505100
-2.941698
-2.640746
-3.213063
-2.580585
-2.746409
-2.578935
-2.648485
-2.649225
-2.660994
-2.339882
-2.330943
-3.254831
-2.257718
-3.385276
-2.358981
-2.364133
-2.449473
-2.685535
-2.736288
-2.484614
-3.191419
-2.995042
-2.660668
-3.340566
-2.649804
-2.497900
-2.658206
-2.266388
-2.185575
-2.349379
-2.702969
-2.375065
-2.696995
-2.578405
-2.136187
-2.666363
-2.410428
-2.762630
-2.389696
-2.912800
-2.794055
-2.934205
-2.620245
-2.488692
-2.346916
-2.379912
-2.451338
-2.393514
-2.316254
-2.570001
-2.759682
-2.465006
-2.675604
-2.388575
-2.661965
-2.571841
-2.410222
-2.365737
-2.607370
-2.595082
-2.563430
-2.658396
-2.551741
-2.523252
-2.463046
