-163.495552
-131.308972
-175.382767
-149.883920
-50.413986
-99.241505
-53.540211
-4.202657
-4.039815
-3.881749
-3.778815
-3.873765
-3.960475
-36.640884
-3.852627
-3.400656
-3.535928
-3.794219
-3.546775
-3.885514
-3.520758
-3.787816
-3.408137
-3.477715
-3.605157
-3.268095
-3.664500
-3.904765
-3.292688
-3.662736
-3.838662
-3.485129
-3.544666
-3.567951
-3.712337
-3.835751
-3.743252
-3.866985
-3.442763
-3.764429
-3.689211
-3.422660
-3.721382
-3.722962
-3.833922
-3.609928
-3.462179
-3.289870
-3.727555
-3.766604
-3.768505
-3.452042
-3.854962
-3.293990
-3.514178
-3.763357
-3.412029
-3.593449
-3.592154
-3.409352
-3.585796
-3.320435
-3.559329
-3.335486
-3.417796
-3.622216
-3.235937
-3.444520
-3.711541
-3.876895
-3.474326
-3.744100
-3.029653
-2.507974
-3.915931
-2.546487
-5.294999
-3.674538
-6.739750
-3.828523
-2.852239
-2.731811
-2.750251
-2.584367
-3.786408
-4.336815
-4.001159
-4.257708
-9.153350
-2.828166
-3.696623
-3.973777
-3.727597
-4.210932
-3.514117
-2.709706
-8.770352
-2.828813
-2.618991
-4.095192
-3.651214
-3.976149
-2.890594
-2.881049
-4.558910
-3.587743
-3.864031
-2.771310
-2.817507
-3.924162
-3.387486
-3.412213
-2.936391
-3.718241
-3.326785
-3.692690
-2.345287
-2.575765
-3.574623
-3.090800
-2.978094
-4.086599
-3.057254
-2.913598
-2.470616
-2.927907
-2.508057
-3.043731
-2.674990
-3.685374
-3.831055
-3.994829
-2.967968
-2.958236
-3.813855
-4.242220
-3.783118
-3.894744
-2.549898
-3.036982
-3.285151
-3.579041
-2.653267
-2.469494
-2.498538
-2.703278
-2.745261
-2.647030
-4.166669
-4.078148
