-134.015773
-100.606667
-104.378100
-71.370136
-73.254727
-5.768827
-43.955405
-8.307329
-6.913085
-5.774827
-6.902517
-5.207317
-5.681750
-5.771338
-5.676346
-5.628175
-11.532051
-9.137565
-6.405797
-6.218995
-5.939579
-6.399199
-6.514137
-5.495435
-5.403659
-6.644602
-5.269365
-5.587722
-6.727379
-5.016751
-5.702487
-5.036673
-5.782804
-4.879257
-6.140591
-6.830823
-5.184771
-5.312433
-5.440273
-4.850332
-6.616772
-6.401168
-5.933528
-4.439634
-5.058347
-6.897772
-4.616804
-4.998956
-4.557123
-5.114863
-5.182252
-6.022730
-4.669972
-5.097601
-5.836391
-5.399856
-5.069329
-6.026691
-5.546663
-6.983048
-4.966201
-6.712736
-4.519646
-4.543182
-5.029584
-5.984881
-4.663486
-4.559280
-6.056154
-4.924449
-4.437487
-4.677641
-4.452649
-4.153776
-4.319719
-4.365334
-4.980438
-5.311403
-3.991413
-4.475978
-5.258912
-5.078677
-3.728622
-3.948248
-3.875554
-4.965562
-3.882365
-4.214537
-4.090052
-5.258586
-5.102296
-4.760822
-5.037871
-5.982294
-4.180983
-4.743886
-4.243192
-4.003710
-4.307521
-4.178176
-3.969551
-4.676806
-4.691454
-4.045582
-4.162685
-4.349218
-4.003113
-4.206942
-4.369434
-4.214654
-5.701604
-4.126073
-4.136286
-4.125371
-4.414003
-3.776650
-3.954611
-3.896759
-4.752269
-4.671695
-4.306143
-3.545032
-3.660092
-4.050363
-4.306068
-4.197917
-4.052885
-3.622889
-4.418748
-4.140761
-4.164720
-4.216823
-3.292088
-4.018225
-3.789167
-3.100303
-4.212264
-3.773349
-3.396320
-4.231484
-3.649590
-3.925913
-3.482536
-3.444828
-4.010774
-4.094236
-3.551649
-3.818934
-3.651115
-3.634846
