-134.196368
-158.756846
-129.431907
-172.747893
-66.825136
-15.463286
-12.518424
-13.658818
-13.233551
-14.313377
-96.005923
-66.083269
-73.698009
-50.080638
-14.584234
-13.984111
-14.178191
-16.523023
-14.843266
-16.025279
-13.245071
-14.185359
-13.764027
-13.621915
-12.697979
-13.601158
-32.310707
-13.092231
-14.172153
-11.602862
-14.026331
-11.897685
-13.669032
-46.351104
-12.682787
-10.965973
-13.618848
-11.272397
-13.190986
-10.060283
-12.790933
-11.431834
-9.317599
-12.713233
-11.519234
-10.242577
-13.870243
-15.303676
-13.135711
-12.634643
-11.824466
-11.270938
-9.833065
-9.640209
-8.122033
-9.298576
-8.571531
-10.380855
-12.437574
-12.140082
-12.322839
-9.087717
-11.572480
-11.905630
-12.762774
-7.617416
-11.102312
-103.173410
-17.650746
-57.356816
-65.874380
-38.904643
-47.127872
-10.636781
-10.274007
-8.855742
-7.600817
-11.022418
-11.166657
-12.124065
-8.063827
-7.901744
-8.418595
-15.233935
-12.485160
-12.417941
-8.450537
-11.882971
-12.392602
-8.693823
-8.075681
-8.252815
-10.847605
-12.355183
-11.552532
-14.087562
-7.776591
-15.918938
-36.563164
-7.470829
-14.833765
-7.640685
-8.111484
-10.943336
-9.424157
-7.963343
-10.482737
-7.352164
-10.730299
-11.194636
-11.389086
-11.932065
-7.432744
-7.235824
-10.916891
-7.191612
-8.071234
-11.986590
-12.347979
-11.356699
-7.260340
-8.067631
-10.259759
-8.517362
-12.205450
-8.661752
-14.586904
-8.687870
-7.182184
-7.042649
-7.620870
-11.835918
-7.964458
-9.408937
-8.113020
-7.953910
-6.835746
-7.059563
-6.808396
-7.003869
-12.547279
-8.896778
-6.989105
-6.815381
-12.585185
-7.065928
-7.335685
-7.520536
-11.443526
-10.743709
