-118.171788
-101.856084
-79.113249
-47.970503
-32.801640
-9.669614
-13.156627
-11.344053
-10.120600
-13.356987
-11.033652
-11.722049
-18.562234
-12.662075
-12.075091
-14.411393
-16.171900
-10.376894
-15.396708
-38.234739
-11.276517
-9.535550
-18.551447
-27.072929
-41.813370
-8.734708
-8.944031
-13.650279
-12.203729
-8.078380
-20.871000
-8.775457
-8.871866
-29.133262
-8.370030
-7.570446
-7.358328
-7.550916
-7.805294
-7.448151
-7.712567
-8.787984
-7.353317
-6.221374
-8.402724
-7.751246
-6.599529
-6.737952
-6.680148
-7.528287
-6.608358
-6.220384
-6.479538
-6.250030
-6.066508
-6.165499
-6.270404
-6.304244
-5.920068
-9.666916
-5.995961
-6.033364
-9.461946
-5.983370
-5.897857
-5.986337
-5.971347
-8.663885
-6.113769
-5.783675
-5.978539
-6.022753
-6.633983
-5.910799
-7.487199
-7.114908
-5.761107
-7.044020
-8.065623
-6.967515
-6.937358
-6.118442
-6.160874
-6.851015
-5.689174
-6.132275
-5.592429
-5.721051
-6.265386
-6.075185
-6.023671
-5.858288
-6.243107
-7.182936
-6.063152
-5.590698
-6.192646
-5.714087
-5.578265
-5.528839
-5.698964
-5.810819
-5.999297
-6.191733
-6.417462
-5.593490
-5.995563
-6.310849
-5.529277
-6.323387
-6.407288
-5.605941
-5.503248
-5.368514
-6.211216
-6.603202
-5.615152
-5.868251
-5.614872
-5.673967
-5.689398
-5.601957
-6.265923
-7.330813
-6.069291
-5.351208
-5.706185
-5.672716
-5.705567
-9.149313
-8.139221
-6.412729
-7.999545
-5.976494
-5.927562
-7.792037
-5.776011
-5.818722
-5.685012
-5.871274
-5.867931
-5.925249
-7.997647
-5.963320
-5.744751
-5.709742
-5.928733
-7.268926
-5.998657
-5.710655
