0.000000
0.000000
0.000000
0.083333
0.000000
0.111111
0.000000
0.000000
0.000000
0.000000
0.000000
0.300000
0.111111
0.111111
0.000000
0.300000
0.000000
0.111111
0.111111
0.111111
0.000000
0.000000
0.000000
0.571429
0.615385
0.400000
0.894737
0.750000
0.111111
0.952381
0.333333
0.666667
0.000000
0.111111
0.000000
0.000000
0.111111
0.000000
0.111111
0.111111
0.000000
0.000000
0.000000
0.300000
0.615385
0.111111
0.545455
0.300000
0.111111
0.272727
0.333333
0.300000
0.111111
0.000000
0.111111
0.400000
0.636364
0.444444
0.727273
0.111111
0.958333
0.200000
0.937500
0.941176
0.500000
0.454545
1.000000
1.000000
0.400000
0.785714
0.941176
0.692308
0.909091
0.666667
0.615385
0.642857
0.300000
0.222222
0.571429
0.300000
0.222222
0.200000
0.272727
0.500000
0.111111
0.545455
0.272727
0.666667
0.900000
0.769231
0.636364
0.750000
0.733333
0.545455
1.000000
0.692308
0.973684
0.800000
0.962963
0.913043
0.925926
0.500000
0.111111
0.925926
0.961538
0.222222
0.714286
0.904762
0.941176
0.666667
0.111111
0.400000
0.869565
0.970588
0.538462
0.200000
0.916667
0.920000
0.300000
0.111111
0.200000
0.200000
0.222222
0.500000
0.454545
0.615385
1.000000
0.500000
0.750000
0.454545
0.454545
0.969697
0.500000
0.461538
0.869565
0.222222
0.300000
0.850000
0.000000
0.942857
0.687500
0.642857
0.615385
0.416667
0.933333
0.896552
0.571429
0.785714
0.789474
0.705882
