0.000000
0.000000
0.000000
0.000000
0.000000
0.111111
0.111111
0.000000
0.000000
0.000000
0.400000
0.000000
0.000000
0.000000
0.000000
0.111111
0.200000
0.500000
0.000000
0.100000
0.000000
0.000000
0.100000
0.000000
0.100000
0.000000
0.000000
0.100000
0.111111
0.000000
0.111111
0.222222
0.111111
0.200000
0.666667
0.111111
0.222222
0.300000
0.583333
0.600000
0.545455
0.500000
0.538462
0.933333
0.222222
0.300000
0.500000
0.866667
0.714286
0.750000
0.800000
0.750000
0.846154
0.947368
0.933333
0.888889
0.882353
0.952381
0.900000
0.500000
1.000000
0.961538
0.416667
1.000000
1.000000
0.962963
1.000000
0.714286
1.000000
0.894737
0.812500
0.866667
0.866667
0.769231
0.846154
0.904762
0.928571
0.866667
0.785714
0.363636
0.545455
0.933333
0.875000
0.615385
0.846154
0.866667
0.222222
0.857143
0.956522
0.812500
0.950000
0.583333
1.000000
0.615385
0.812500
0.692308
0.950000
0.714286
0.823529
0.692308
0.733333
0.733333
0.954545
1.000000
1.000000
0.875000
1.000000
0.950000
0.583333
0.857143
0.538462
0.857143
0.583333
0.545455
0.764706
1.000000
0.812500
0.812500
0.733333
0.900000
0.823529
0.461538
0.966667
0.583333
0.964286
0.777778
0.904762
0.909091
0.958333
0.222222
0.583333
0.692308
0.545455
0.967742
0.968750
0.615385
1.000000
1.000000
0.842105
0.967742
1.000000
1.000000
0.888889
0.960000
1.000000
0.960000
1.000000
0.956522
0.961538
0.909091
