0.000000
0.000000
0.000000
0.000000
0.000000
0.000000
0.100000
0.000000
0.000000
0.000000
0.000000
0.000000
0.000000
0.000000
0.000000
0.000000
0.000000
0.000000
0.000000
0.000000
0.000000
0.000000
0.000000
0.000000
0.000000
0.000000
0.000000
0.000000
0.000000
0.000000
0.000000
0.000000
0.000000
0.000000
0.000000
0.000000
0.000000
0.000000
0.000000
0.000000
0.000000
0.000000
0.111111
0.000000
0.000000
0.000000
0.000000
0.000000
0.000000
0.000000
0.000000
0.000000
0.111111
0.000000
0.000000
0.000000
0.000000
0.000000
0.000000
0.000000
0.000000
0.000000
0.000000
0.000000
0.000000
0.111111
0.000000
0.000000
0.000000
0.000000
0.111111
0.000000
0.000000
0.111111
0.000000
0.000000
0.000000
0.000000
0.111111
0.111111
0.000000
0.111111
0.000000
0.111111
0.111111
0.000000
0.000000
0.111111
0.000000
0.000000
0.111111
0.000000
0.111111
0.222222
0.111111
0.000000
0.222222
0.111111
0.200000
0.000000
0.222222
0.222222
0.363636
0.583333
0.300000
0.500000
0.500000
0.111111
0.363636
0.272727
0.400000
0.400000
0.222222
0.300000
0.500000
0.500000
0.571429
0.600000
0.733333
0.222222
0.857143
0.636364
0.625000
0.687500
0.666667
0.769231
0.850000
0.454545
0.900000
0.894737
0.812500
0.956522
1.000000
0.928571
0.850000
0.812500
0.800000
0.842105
0.947368
0.944444
0.960000
0.944444
0.714286
0.850000
0.875000
0.923077
0.869565
0.705882
0.846154
0.969697
