0.000000
0.000000
0.000000
0.105263
0.000000
0.000000
0.000000
0.000000
0.363636
0.222222
0.400000
0.100000
0.222222
0.000000
0.000000
0.636364
0.000000
0.363636
0.545455
0.000000
0.785714
0.333333
0.857143
0.300000
0.222222
0.400000
0.583333
0.727273
0.454545
0.642857
0.111111
0.111111
0.400000
0.000000
0.222222
0.111111
0.000000
0.000000
0.222222
0.000000
0.000000
0.200000
0.000000
0.300000
0.300000
0.200000
0.400000
0.400000
1.000000
0.272727
0.714286
0.000000
0.904762
0.764706
0.111111
0.416667
0.222222
0.363636
0.714286
0.222222
0.823529
0.222222
0.000000
0.363636
1.000000
0.538462
0.375000
0.153846
0.100000
0.384615
0.363636
0.500000
0.454545
0.800000
0.300000
0.111111
0.300000
0.647059
0.272727
0.363636
0.111111
0.705882
0.333333
0.111111
0.000000
0.941176
0.200000
0.200000
0.416667
0.625000
0.600000
0.500000
0.809524
0.687500
0.800000
0.642857
0.800000
0.722222
0.666667
0.642857
0.571429
0.333333
0.869565
0.538462
0.882353
0.857143
0.642857
0.545455
0.500000
0.300000
0.333333
0.666667
0.300000
0.272727
0.272727
0.200000
0.571429
0.600000
0.842105
0.666667
0.300000
0.666667
0.461538
0.363636
0.764706
0.687500
0.733333
0.600000
0.500000
0.666667
0.833333
0.500000
0.615385
0.687500
0.687500
0.750000
0.920000
0.894737
0.935484
1.000000
0.615385
0.642857
0.960000
0.857143
0.916667
0.454545
0.875000
0.461538
0.840000
0.200000
