0.000000
0.000000
0.000000
0.000000
0.100000
0.400000
0.111111
0.454545
0.272727
0.545455
0.111111
0.642857
0.000000
0.000000
0.363636
0.222222
0.000000
0.111111
0.222222
0.111111
0.000000
0.500000
0.111111
0.000000
0.000000
0.000000
0.300000
0.000000
0.000000
0.000000
0.000000
0.000000
0.000000
0.000000
0.000000
0.000000
0.000000
0.000000
0.000000
0.000000
0.000000
0.000000
0.222222
0.111111
0.000000
0.222222
0.000000
0.400000
0.000000
0.600000
0.111111
0.300000
0.300000
0.200000
0.000000
0.000000
0.111111
0.500000
0.000000
0.444444
0.222222
0.000000
0.111111
0.000000
0.000000
0.000000
0.222222
0.000000
0.111111
0.000000
0.111111
0.000000
0.000000
0.111111
0.000000
0.000000
0.300000
0.333333
0.000000
0.000000
0.300000
0.000000
0.000000
0.000000
0.333333
0.000000
0.111111
0.111111
0.000000
0.000000
0.111111
0.222222
0.111111
0.200000
0.222222
0.222222
0.111111
0.111111
0.444444
0.300000
0.400000
0.222222
0.333333
0.200000
0.222222
0.545455
0.545455
0.000000
0.000000
0.400000
0.333333
0.363636
0.000000
0.750000
0.111111
0.111111
0.000000
0.222222
0.222222
0.000000
0.400000
0.400000
0.200000
0.333333
0.111111
0.111111
0.222222
0.222222
0.111111
0.333333
0.111111
0.444444
0.300000
0.300000
0.363636
0.454545
0.181818
0.111111
0.200000
0.111111
0.454545
0.222222
0.300000
0.000000
0.500000
0.416667
0.416667
0.666667
0.857143
0.600000
