0.000000
0.000000
0.037037
0.000000
0.000000
0.090909
0.000000
0.000000
0.000000
0.200000
0.000000
0.111111
0.000000
0.111111
0.111111
0.000000
0.000000
0.111111
0.000000
0.222222
0.111111
0.222222
0.200000
0.300000
0.300000
0.400000
0.400000
0.400000
0.111111
0.500000
0.333333
0.111111
0.000000
0.400000
0.300000
0.300000
0.400000
0.300000
0.454545
0.500000
0.222222
0.928571
0.888889
0.461538
0.222222
0.222222
0.454545
0.363636
0.615385
0.300000
0.461538
0.714286
0.642857
0.714286
0.846154
0.750000
0.600000
0.545455
0.400000
0.363636
0.222222
0.000000
0.000000
0.111111
0.000000
0.400000
0.500000
0.454545
0.636364
0.882353
0.300000
0.300000
0.300000
0.454545
0.500000
0.615385
0.363636
0.687500
0.222222
0.750000
0.583333
0.705882
0.111111
0.454545
0.823529
0.000000
0.823529
0.200000
0.733333
0.894737
0.642857
0.692308
0.875000
0.363636
0.769231
0.866667
0.200000
0.642857
0.111111
0.545455
0.363636
0.461538
0.909091
0.500000
0.583333
0.545455
0.625000
0.818182
0.222222
0.222222
0.363636
0.222222
0.300000
0.500000
0.300000
0.300000
0.571429
0.222222
0.714286
0.363636
0.400000
0.538462
1.000000
0.750000
0.916667
0.846154
0.500000
0.400000
0.583333
0.785714
0.937500
0.400000
0.615385
0.363636
0.666667
1.000000
0.500000
1.000000
0.416667
1.000000
0.842105
0.363636
0.947368
0.909091
0.863636
0.705882
0.200000
0.272727
0.416667
0.416667
