0.000000
0.000000
0.000000
0.000000
0.000000
0.000000
0.111111
0.000000
0.000000
0.000000
0.000000
0.090909
0.272727
0.000000
0.000000
0.111111
0.000000
0.000000
0.000000
0.000000
0.000000
0.000000
0.222222
0.454545
0.300000
0.111111
0.200000
0.333333
0.000000
0.111111
0.111111
0.545455
0.000000
0.100000
0.111111
0.333333
0.111111
0.000000
0.000000
0.111111
0.111111
0.000000
0.222222
0.125000
0.000000
0.222222
0.000000
0.181818
0.000000
0.111111
0.222222
0.000000
0.200000
0.222222
0.500000
0.333333
0.583333
0.111111
0.000000
0.000000
0.000000
0.300000
0.000000
0.111111
0.000000
0.200000
0.000000
0.000000
0.000000
0.000000
0.000000
0.000000
0.000000
0.000000
0.222222
0.222222
0.111111
0.000000
0.222222
0.000000
0.300000
0.300000
0.272727
0.000000
0.300000
0.000000
0.500000
0.000000
0.000000
0.111111
0.111111
0.000000
0.111111
0.222222
0.300000
0.000000
0.000000
0.181818
0.250000
0.111111
0.100000
0.300000
0.333333
0.000000
0.400000
0.363636
0.400000
0.583333
0.300000
0.111111
0.200000
0.222222
0.538462
0.615385
0.000000
0.500000
0.111111
0.000000
0.000000
0.000000
0.571429
0.454545
0.454545
0.500000
0.200000
0.300000
0.111111
0.300000
0.416667
0.111111
0.416667
0.000000
0.416667
0.300000
0.333333
0.272727
0.111111
0.333333
0.300000
0.272727
0.200000
0.200000
0.416667
0.111111
0.000000
0.200000
0.222222
0.111111
0.000000
0.000000
