0.027778
0.000000
0.000000
0.000000
0.000000
0.000000
0.000000
0.000000
0.000000
0.000000
0.000000
0.000000
0.000000
0.100000
0.000000
0.000000
0.000000
0.000000
0.000000
0.000000
0.000000
0.000000
0.000000
0.000000
0.000000
0.000000
0.000000
0.000000
0.000000
0.000000
0.000000
0.000000
0.000000
0.000000
0.000000
0.000000
0.000000
0.000000
0.000000
0.000000
0.000000
0.000000
0.000000
0.000000
0.000000
0.000000
0.000000
0.000000
0.000000
0.000000
0.000000
0.000000
0.000000
0.111111
0.000000
0.000000
0.000000
0.000000
0.000000
0.000000
0.000000
0.000000
0.000000
0.000000
0.111111
0.000000
0.000000
0.000000
0.000000
0.000000
0.111111
0.000000
0.200000
0.583333
0.000000
0.500000
0.222222
0.000000
0.000000
0.000000
0.625000
0.500000
0.625000
0.533333
0.000000
0.545455
0.000000
0.363636
0.000000
0.615385
0.000000
0.000000
0.222222
0.111111
0.200000
0.826087
0.200000
0.833333
0.666667
0.111111
0.222222
0.000000
0.695652
0.538462
0.000000
0.272727
0.111111
0.625000
0.777778
0.000000
0.300000
0.363636
0.461538
0.000000
0.111111
0.000000
0.882353
0.944444
0.000000
0.733333
0.750000
0.000000
0.454545
0.363636
0.363636
0.454545
0.363636
0.538462
0.647059
0.000000
0.000000
0.111111
0.363636
0.200000
0.000000
0.000000
0.000000
0.000000
0.684211
0.666667
0.615385
0.400000
0.727273
0.857143
0.809524
0.714286
0.925926
0.966667
0.000000
0.000000
